QBPP_HJ-_35_075_06_5
35 334 194
10 17 48 7 19 49 17 48 24 16 44 47 25 26 47 46 47 23 16 32 9 23 46 31 31 38 47 6 32 50 3 44 3 27 3
     0   -35   -38   -93   -65     0   -67   -46   -92   -11   -40     0     0   -70   -51   -80   -36     0   -23     0   -94    -5   -91   -71   -99     0     0   -41     0   -55   -23   -80     0     0   -21
   -35     0   -37     0   -10   -57     0     0   -33   -81   -43   -55   -43   -98     0   -58   -72   -69     0   -90   -99   -17   -72   -21   -52   -32   -77     0   -94   -26     0   -63   -63   -36     0
   -38   -37     0   -48   -37     0   -26   -45   -80   -72   -56     0   -31   -76    -4   -97   -31   -49     0   -90   -24   -97   -87   -80   -89     0     0   -60   -54     0     0    -2   -95     0     0
   -93     0   -48     0     0   -98     0     0   -31   -63  -100   -42   -33   -35   -83   -83     0   -44   -27   -30     0   -27   -35     0    -7     0   -83   -35    -3     0   -60   -53   -18   -71     0
   -65   -10   -37     0     0     0     0   -22     0   -31   -57   -91     0   -94   -86     0   -14   -84   -80   -72   -30   -37   -28   -75     0     0     0   -19   -81     0   -91   -39     0   -66     0
     0   -57     0   -98     0     0   -44     0    -3   -88   -40   -89     0   -51   -32   -28     0   -36   -49    -8   -69   -76   -80   -96   -99     0   -63   -40   -47     0    -3     0   -14   -10   -79
   -67     0   -26     0     0   -44     0   -84   -18     0   -12     0   -76     0   -10    -4     0     0   -87    -9    -7    -5   -92   -16     0   -17   -72   -83   -37   -98   -72     0   -58    -1   -71
   -46     0   -45     0   -22     0   -84     0   -32   -45   -77   -48   -71   -48   -57     0   -15     0   -41   -51   -82   -80   -78   -83   -54     0   -80     0   -42   -41   -95   -95   -69   -54   -67
   -92   -33   -80   -31     0    -3   -18   -32     0     0   -55   -52     0   -16     0   -70   -49    -7   -66   -98   -64    -1   -72   -43   -27   -91     0     0     0   -80     0   -83   -71     0    -2
   -11   -81   -72   -63   -31   -88     0   -45     0     0   -84   -14   -47   -52     0    -7    -6   -90   -74   -67   -88   -12   -62     0   -49   -45   -63   -70   -88   -27     0     0     0   -42   -45
   -40   -43   -56  -100   -57   -40   -12   -77   -55   -84     0   -97   -84   -20     0     0     0   -98     0     0   -15    -1   -72   -81   -44   -90   -87     0   -31   -16     0   -56   -96   -86   -20
     0   -55     0   -42   -91   -89     0   -48   -52   -14   -97     0   -66   -65   -85   -77   -66     0   -99   -13   -43     0   -19   -86   -25     0   -49   -22     0   -79   -57   -51    -6   -10    -5
     0   -43   -31   -33     0     0   -76   -71     0   -47   -84   -66     0    -4   -57   -69   -50     0   -83   -79   -13   -65   -87   -60     0   -49   -64   -70   -50     0     0     0   -90   -84   -92
   -70   -98   -76   -35   -94   -51     0   -48   -16   -52   -20   -65    -4     0   -17     0   -50   -64   -37   -84     0   -63     0   -60   -70    -1     0   -31   -57   -53    -6   -97   -75   -58   -11
   -51     0    -4   -83   -86   -32   -10   -57     0     0     0   -85   -57   -17     0   -44   -62   -34   -80     0   -92   -72     0    -7   -42   -19   -31    -5   -20   -95   -23   -84     0   -82   -78
   -80   -58   -97   -83     0   -28    -4     0   -70    -7     0   -77   -69     0   -44     0     0   -17   -86   -55   -57   -37     0   -28   -94   -39   -74   -50     0     0   -22   -17   -48   -99   -41
   -36   -72   -31     0   -14     0     0   -15   -49    -6     0   -66   -50   -50   -62     0     0     0   -54   -67   -39   -51     0   -10   -72     0   -37     0     0   -21   -32    -2     0   -88   -59
     0   -69   -49   -44   -84   -36     0     0    -7   -90   -98     0     0   -64   -34   -17     0     0   -74   -89     0     0   -68   -65   -27   -87     0   -35    -6     0     0   -94   -22   -35   -35
   -23     0     0   -27   -80   -49   -87   -41   -66   -74     0   -99   -83   -37   -80   -86   -54   -74     0   -80   -57   -51   -75   -20   -29     0    -6   -78   -87    -2     0   -91   -20   -80   -47
     0   -90   -90   -30   -72    -8    -9   -51   -98   -67     0   -13   -79   -84     0   -55   -67   -89   -80     0   -63     0    -7   -92     0   -67   -28     0   -52   -39   -52     0   -67   -21   -19
   -94   -99   -24     0   -30   -69    -7   -82   -64   -88   -15   -43   -13     0   -92   -57   -39     0   -57   -63     0     0   -81   -88    -9   -50     0   -59   -43   -96    -5   -40   -18   -78   -64
    -5   -17   -97   -27   -37   -76    -5   -80    -1   -12    -1     0   -65   -63   -72   -37   -51     0   -51     0     0     0   -99   -37   -40   -91   -12   -73   -77     0   -89   -48   -60   -67     0
   -91   -72   -87   -35   -28   -80   -92   -78   -72   -62   -72   -19   -87     0     0     0     0   -68   -75    -7   -81   -99     0   -62   -60     0    -6   -21   -29     0   -69     0   -41   -39    -3
   -71   -21   -80     0   -75   -96   -16   -83   -43     0   -81   -86   -60   -60    -7   -28   -10   -65   -20   -92   -88   -37   -62     0   -93     0    -2   -49     0   -28   -60   -63   -21   -30    -6
   -99   -52   -89    -7     0   -99     0   -54   -27   -49   -44   -25     0   -70   -42   -94   -72   -27   -29     0    -9   -40   -60   -93     0   -24    -2     0   -88   -67   -84     0     0   -56     0
     0   -32     0     0     0     0   -17     0   -91   -45   -90     0   -49    -1   -19   -39     0   -87     0   -67   -50   -91     0     0   -24     0    -4   -77   -60   -15   -83   -44   -95   -41   -42
     0   -77     0   -83     0   -63   -72   -80     0   -63   -87   -49   -64     0   -31   -74   -37     0    -6   -28     0   -12    -6    -2    -2    -4     0   -40     0   -95     0   -51     0   -87   -40
   -41     0   -60   -35   -19   -40   -83     0     0   -70     0   -22   -70   -31    -5   -50     0   -35   -78     0   -59   -73   -21   -49     0   -77   -40     0   -64   -92   -93   -57   -20   -63  -100
     0   -94   -54    -3   -81   -47   -37   -42     0   -88   -31     0   -50   -57   -20     0     0    -6   -87   -52   -43   -77   -29     0   -88   -60     0   -64     0   -99     0   -44     0   -53   -74
   -55   -26     0     0     0     0   -98   -41   -80   -27   -16   -79     0   -53   -95     0   -21     0    -2   -39   -96     0     0   -28   -67   -15   -95   -92   -99     0   -19   -99     0     0   -26
   -23     0     0   -60   -91    -3   -72   -95     0     0     0   -57     0    -6   -23   -22   -32     0     0   -52    -5   -89   -69   -60   -84   -83     0   -93     0   -19     0     0   -82   -28   -43
   -80   -63    -2   -53   -39     0     0   -95   -83     0   -56   -51     0   -97   -84   -17    -2   -94   -91     0   -40   -48     0   -63     0   -44   -51   -57   -44   -99     0     0     0     0   -22
     0   -63   -95   -18     0   -14   -58   -69   -71     0   -96    -6   -90   -75     0   -48     0   -22   -20   -67   -18   -60   -41   -21     0   -95     0   -20     0     0   -82     0     0   -39   -38
     0   -36     0   -71   -66   -10    -1   -54     0   -42   -86   -10   -84   -58   -82   -99   -88   -35   -80   -21   -78   -67   -39   -30   -56   -41   -87   -63   -53     0   -28     0   -39     0   -41
   -21     0     0     0     0   -79   -71   -67    -2   -45   -20    -5   -92   -11   -78   -41   -59   -35   -47   -19   -64     0    -3    -6     0   -42   -40  -100   -74   -26   -43   -22   -38   -41     0
