QBPP_HJ-_25_050_06_3
25 242 113
23 18 2 27 47 31 22 44 39 21 9 19 32 44 37 49 47 3 48 38 45 8 34 10 27
     0     0   -30   -24   -14     0     0     0     0     0   -32     0     0   -76    -7     0   -71     0   -27   -34   -60   -69     0     0     0
     0     0     0   -35     0   -90     0     0   -13     0     0     0     0   -97   -25   -64   -70     0     0     0     0   -13     0   -29   -92
   -30     0     0   -87     0     0   -45     0     0   -90   -13   -48   -46     0   -64     0     0     0     0   -59   -40   -56     0     0     0
   -24   -35   -87     0   -33     0     0     0     0     0   -60   -86   -35   -43     0     0     0     0   -60   -32     0     0     0   -38     0
   -14     0     0   -33     0     0   -38     0     0   -33   -70     0   -20   -69     0   -92     0   -26   -91     0   -21   -74   -90   -21   -32
     0   -90     0     0     0     0     0   -24   -30   -95   -66     0     0   -27   -77     0     0     0     0   -86     0   -85     0   -63     0
     0     0   -45     0   -38     0     0   -27   -17   -14   -18   -69     0     0   -59     0   -50   -37     0     0     0   -84     0     0     0
     0     0     0     0     0   -24   -27     0   -53     0     0   -16   -86     0   -56   -25   -40   -46   -88   -89   -83     0     0   -46   -51
     0   -13     0     0     0   -30   -17   -53     0   -52   -74     0     0     0     0     0     0     0     0     0   -15   -47   -58  -100   -39
     0     0   -90     0   -33   -95   -14     0   -52     0   -48     0   -84     0   -19     0     0   -34   -50     0    -8     0   -29     0     0
   -32     0   -13   -60   -70   -66   -18     0   -74   -48     0   -59   -45     0    -6   -59   -91   -41   -64     0   -43   -84     0   -94    -2
     0     0   -48   -86     0     0   -69   -16     0     0   -59     0     0     0   -64    -5   -48   -94     0   -48     0     0   -73   -34     0
     0     0   -46   -35   -20     0     0   -86     0   -84   -45     0     0     0   -63   -43     0     0   -56     0   -84     0     0     0     0
   -76   -97     0   -43   -69   -27     0     0     0     0     0     0     0     0     0     0   -66     0   -64     0     0   -38     0     0    -7
    -7   -25   -64     0     0   -77   -59   -56     0   -19    -6   -64   -63     0     0     0   -51     0   -25     0     0   -14     0     0   -25
     0   -64     0     0   -92     0     0   -25     0     0   -59    -5   -43     0     0     0     0     0   -40     0   -10     0   -91   -41    -3
   -71   -70     0     0     0     0   -50   -40     0     0   -91   -48     0   -66   -51     0     0     0     0   -77   -64     0     0     0    -6
     0     0     0     0   -26     0   -37   -46     0   -34   -41   -94     0     0     0     0     0     0     0     0   -23     0    -9     0     0
   -27     0     0   -60   -91     0     0   -88     0   -50   -64     0   -56   -64   -25   -40     0     0     0     0   -33   -16     0     0    -5
   -34     0   -59   -32     0   -86     0   -89     0     0     0   -48     0     0     0     0   -77     0     0     0   -74     0   -94   -18   -40
   -60     0   -40     0   -21     0     0   -83   -15    -8   -43     0   -84     0     0   -10   -64   -23   -33   -74     0   -72     0   -11     0
   -69   -13   -56     0   -74   -85   -84     0   -47     0   -84     0     0   -38   -14     0     0     0   -16     0   -72     0   -90     0     0
     0     0     0     0   -90     0     0     0   -58   -29     0   -73     0     0     0   -91     0    -9     0   -94     0   -90     0   -80   -52
     0   -29     0   -38   -21   -63     0   -46  -100     0   -94   -34     0     0     0   -41     0     0     0   -18   -11     0   -80     0   -15
     0   -92     0     0   -32     0     0   -51   -39     0    -2     0     0    -7   -25    -3    -6     0    -5   -40     0     0   -52   -15     0
