QBPP_HJ-_25_050_20_4
25 64 3623
7 35 19 24 10 18 26 48 9 48 31 40 27 23 43 46 17 4 26 7 41 10 10 42 28
     0     0     0   -62   -43     0   -59   -46   -59   -40     0   -74   -27   -31     0   -77     0     0     0     0   -94   -83     0   -35     0
     0     0   -19   -25     0     0     0     0   -60   -59   -43     0     0     0   -23     0     0   -17     0     0     0    -5   -69     0     0
     0   -19     0   -40     0   -37     0     0     0    -2     0   -82     0     0     0     0     0   -75   -53   -74     0   -51     0   -58   -25
   -62   -25   -40     0   -72   -76     0   -45   -46     0   -40   -43     0     0     0   -96     0   -72     0   -39     0   -45   -81   -72     0
   -43     0     0   -72     0   -67     0     0   -78   -82   -25   -11   -63   -21     0     0   -90     0     0   -17     0     0     0     0   -32
     0     0   -37   -76   -67     0     0     0     0   -97     0     0   -82   -63    -4   -95   -40     0    -2     0     0   -91     0   -25     0
   -59     0     0     0     0     0     0     0     0   -97     0   -90     0   -73    -7   -95   -29     0     0     0   -23   -91   -41     0   -53
   -46     0     0   -45     0     0     0     0     0     0   -76     0   -91     0   -55   -83   -59     0   -86     0    -5     0   -15     0     0
   -59   -60     0   -46   -78     0     0     0     0    -5     0   -46   -90   -78  -100     0   -17     0     0   -26     0     0     0   -41     0
   -40   -59    -2     0   -82   -97   -97     0    -5     0   -49   -42   -99  -100     0     0     0     0     0     0     0   -44   -38    -5     0
     0   -43     0   -40   -25     0     0   -76     0   -49     0   -46     0     0   -21     0   -15    -9   -43     0     0   -60   -44     0    -4
   -74     0   -82   -43   -11     0   -90     0   -46   -42   -46     0     0     0   -79    -5     0     0   -83     0     0     0     0     0   -94
   -27     0     0     0   -63   -82     0   -91   -90   -99     0     0     0     0   -98     0     0     0   -27   -45     0   -48     0     0   -94
   -31     0     0     0   -21   -63   -73     0   -78  -100     0     0     0     0     0   -76   -80     0   -29   -86     0     0     0     0   -49
     0   -23     0     0     0    -4    -7   -55  -100     0   -21   -79   -98     0     0     0   -90     0   -80   -27    -5   -26     0     0     0
   -77     0     0   -96     0   -95   -95   -83     0     0     0    -5     0   -76     0     0     0     0     0     0     0   -84   -75   -95   -47
     0     0     0     0   -90   -40   -29   -59   -17     0   -15     0     0   -80   -90     0     0     0     0     0   -66  -100     0     0     0
     0   -17   -75   -72     0     0     0     0     0     0    -9     0     0     0     0     0     0     0     0   -84   -40   -77     0     0   -66
     0     0   -53     0     0    -2     0   -86     0     0   -43   -83   -27   -29   -80     0     0     0     0     0    -1   -16   -84   -69   -58
     0     0   -74   -39   -17     0     0     0   -26     0     0     0   -45   -86   -27     0     0   -84     0     0   -37   -75     0   -96   -75
   -94     0     0     0     0     0   -23    -5     0     0     0     0     0     0    -5     0   -66   -40    -1   -37     0   -92     0     0    -2
   -83    -5   -51   -45     0   -91   -91     0     0   -44   -60     0   -48     0   -26   -84  -100   -77   -16   -75   -92     0     0   -30     0
     0   -69     0   -81     0     0   -41   -15     0   -38   -44     0     0     0     0   -75     0     0   -84     0     0     0     0   -33   -51
   -35     0   -58   -72     0   -25     0     0   -41    -5     0     0     0     0     0   -95     0     0   -69   -96     0   -30   -33     0     0
     0     0   -25     0   -32     0   -53     0     0     0    -4   -94   -94   -49     0   -47     0   -66   -58   -75    -2     0   -51     0     0
