QBPP_HJ-_30_075_06_1
30 246 178
39 31 29 11 4 24 44 5 39 10 21 3 28 23 35 29 17 23 33 17 5 5 49 1 27 42 44 36 35 29
     0   -12    -3     0     0   -73   -33   -94   -56    -1   -35   -12   -35   -12   -13   -55     0   -18     0     0   -46   -99     0   -20   -66     0     0     0   -92   -25
   -12     0   -22   -98   -38     0   -36   -59   -99     0   -72   -75   -15   -60     0   -35     0     0   -48   -85   -88   -94   -93   -21     0   -16   -13   -80   -90   -75
    -3   -22     0   -16     0    -9   -46   -15     0   -56     0   -15   -69   -61   -10   -76     0   -74   -61     0     0   -90    -4   -53   -74     0     0     0   -67   -36
     0   -98   -16     0   -24     0   -36   -89   -28     0   -57   -90   -87   -93   -90   -15    -5   -95   -69   -54   -98   -43     0   -76   -65     0   -84    -2   -25   -39
     0   -38     0   -24     0   -37   -33     0   -79   -71   -27   -97   -14   -31     0   -43     0   -46   -44   -79   -96   -34  -100   -98   -22   -82   -18   -98   -40   -90
   -73     0    -9     0   -37     0   -89     0   -33   -18   -48   -90     0   -66     0     0     0    -2     0   -37   -46     0   -23     0     0   -28   -50   -20     0     0
   -33   -36   -46   -36   -33   -89     0     0   -97   -14   -30   -22     0   -99     0   -39     0     0     0   -81     0    -6     0     0     0   -17   -70   -21     0   -79
   -94   -59   -15   -89     0     0     0     0   -55     0   -91   -30   -60   -34   -41     0   -55     0     0     0   -51   -48   -85   -80     0     0   -72   -40   -79   -89
   -56   -99     0   -28   -79   -33   -97   -55     0    -3   -53   -47     0   -34   -60   -67   -66   -42   -56   -27   -82     0   -16   -13   -22   -84    -5   -97     0   -88
    -1     0   -56     0   -71   -18   -14     0    -3     0   -34   -11   -46   -13   -60   -25    -3   -52     0     0    -4   -92   -81     0     0   -56   -44   -96   -73   -46
   -35   -72     0   -57   -27   -48   -30   -91   -53   -34     0   -54     0   -84     0     0   -48   -32     0   -66   -16   -59   -34     0   -42   -93     0     0   -78     0
   -12   -75   -15   -90   -97   -90   -22   -30   -47   -11   -54     0   -13   -43     0   -54   -74   -83     0   -86     0     0   -52   -40   -55   -82   -73   -79   -41     0
   -35   -15   -69   -87   -14     0     0   -60     0   -46     0   -13     0   -97   -20   -79   -58     0   -42    -5   -23   -46   -57   -67   -59   -29   -52   -20     0    -3
   -12   -60   -61   -93   -31   -66   -99   -34   -34   -13   -84   -43   -97     0   -30   -78    -8  -100     0   -95     0     0   -81     0    -7     0   -41   -98   -33   -30
   -13     0   -10   -90     0     0     0   -41   -60   -60     0     0   -20   -30     0   -34     0     0     0   -99     0   -47    -4    -9   -68   -77     0   -67   -10   -83
   -55   -35   -76   -15   -43     0   -39     0   -67   -25     0   -54   -79   -78   -34     0   -27   -87     0   -78     0   -11   -19   -91   -75   -63   -32     0   -76     0
     0     0     0    -5     0     0     0   -55   -66    -3   -48   -74   -58    -8     0   -27     0     0     0   -71   -53   -30   -58     0    -8     0   -70   -91   -33   -91
   -18     0   -74   -95   -46    -2     0     0   -42   -52   -32   -83     0  -100     0   -87     0     0   -52   -43   -13    -1   -30   -53   -76   -97   -27   -70    -9   -32
     0   -48   -61   -69   -44     0     0     0   -56     0     0     0   -42     0     0     0     0   -52     0     0   -57  -100     0   -31     0   -26     0     0   -15   -56
     0   -85     0   -54   -79   -37   -81     0   -27     0   -66   -86    -5   -95   -99   -78   -71   -43     0     0     0   -20   -66   -39   -17   -60    -3   -46   -75   -86
   -46   -88     0   -98   -96   -46     0   -51   -82    -4   -16     0   -23     0     0     0   -53   -13   -57     0     0     0   -84   -86   -90     0  -100   -88     0   -94
   -99   -94   -90   -43   -34     0    -6   -48     0   -92   -59     0   -46     0   -47   -11   -30    -1  -100   -20     0     0     0     0     0   -43   -96   -63   -35   -38
     0   -93    -4     0  -100   -23     0   -85   -16   -81   -34   -52   -57   -81    -4   -19   -58   -30     0   -66   -84     0     0   -35     0     0     0   -51     0   -56
   -20   -21   -53   -76   -98     0     0   -80   -13     0     0   -40   -67     0    -9   -91     0   -53   -31   -39   -86     0   -35     0     0     0     0   -91   -60   -75
   -66     0   -74   -65   -22     0     0     0   -22     0   -42   -55   -59    -7   -68   -75    -8   -76     0   -17   -90     0     0     0     0     0   -26   -36   -90   -92
     0   -16     0     0   -82   -28   -17     0   -84   -56   -93   -82   -29     0   -77   -63     0   -97   -26   -60     0   -43     0     0     0     0   -92   -20   -17    -6
     0   -13     0   -84   -18   -50   -70   -72    -5   -44     0   -73   -52   -41     0   -32   -70   -27     0    -3  -100   -96     0     0   -26   -92     0   -57   -55     0
     0   -80     0    -2   -98   -20   -21   -40   -97   -96     0   -79   -20   -98   -67     0   -91   -70     0   -46   -88   -63   -51   -91   -36   -20   -57     0   -63    -6
   -92   -90   -67   -25   -40     0     0   -79     0   -73   -78   -41     0   -33   -10   -76   -33    -9   -15   -75     0   -35     0   -60   -90   -17   -55   -63     0     0
   -25   -75   -36   -39   -90     0   -79   -89   -88   -46     0     0    -3   -30   -83     0   -91   -32   -56   -86   -94   -38   -56   -75   -92    -6     0    -6     0     0
