QBPP_HJ+_35_050_10_2
35 172 500
17 14 30 47 3 10 49 12 38 24 48 41 3 12 48 6 16 32 47 16 39 13 36 1 5 39 20 17 47 9 32 17 46 14 10
    0   13   88   42   65   28   39   73    0   39   31    0    0   24    0   69   66   69    0    0    0    0   27    0    0    0    0    0   73    0   19    0   33    0   80
   13    0    0   70   28    0    0   85    0   40    0   55   23   54    0    2   34    0   15    0    0   77    0    0   96    0    0    0    0   52   27   11   73   48    0
   88    0    0    6    0   18   74   83   79    0    0   97    0    0   38   22    0    0    0   24   20    7   15    0   92    3   20    2   10   49   12   24    0    0   62
   42   70    6    0    7   83   25    0   20   24    0    0    0   26   92   65    0   36    0    0   42    0   12   89   23   44    5   24   33    0   33    0    0    0    0
   65   28    0    7    0    0   16    6   17    0    0    0   15   54    0    0    0   64   84   49   66    0    0    0   67    0   17    0   93   95   20   39    0   66    0
   28    0   18   83    0    0   84   46   62   52   32    0   52    0    0    0    0    0   60   34   16    0   22    0    0    0   19   24    0    0    0    0   81    0   71
   39    0   74   25   16   84    0   79    0    0    0    0    0   66    0    0   43    0    0   24    0   82   65   85    0    0    0    0   89   34    0    0   30   65   60
   73   85   83    0    6   46   79    0   42   59    0    0    0    0   67   69    2    0    0    0    0   64   52    2   11   90    0   74   57    0    0    0    0    0    0
    0    0   79   20   17   62    0   42    0   94    0   52    0   24   19    0    0    0    0    0    0   42   15   81   12   32   69    0   42    0    0    0    0    0   51
   39   40    0   24    0   52    0   59   94    0   85    0    0   83    0    0    0    0   69    0    0   69    0   34    8   60   97    0    0   90    0    6    0    4    0
   31    0    0    0    0   32    0    0    0   85    0   95    0   18    0    0   38    0   79    4    0   46    0    0    0    0   24    0   91    0    0   49    0    0    0
    0   55   97    0    0    0    0    0   52    0   95    0   75    0    0    0    0    0   62   10   18   40    0   11   52    0    0    0   26    0   35   97   11    0   34
    0   23    0    0   15   52    0    0    0    0    0   75    0    0    9    0   32    0    0   10   13   27    0    0   70    0   85    0    0    0   86   82   60   28    0
   24   54    0   26   54    0   66    0   24   83   18    0    0    0    0    0    0    0   81    0   41    0   26    0    0    0    0    0   50    1    0   77   30    0   34
    0    0   38   92    0    0    0   67   19    0    0    0    9    0    0    0    0    3   35    0   47   96    0    0   94   31    0    8   16    6   31    0   40   27    0
   69    2   22   65    0    0    0   69    0    0    0    0    0    0    0    0    0   16   16   71   15   75    0    0    0    0   77   37    0    0    0   96   34    0    0
   66   34    0    0    0    0   43    2    0    0   38    0   32    0    0    0    0   92    0    0    0   30    0    4    0   11   47    0    0   50    0   54   59   37    0
   69    0    0   36   64    0    0    0    0    0    0    0    0    0    3   16   92    0   10   73  100   40   98    0   49   14    0    0   21   58   66    6    0    0    0
    0   15    0    0   84   60    0    0    0   69   79   62    0   81   35   16    0   10    0    0    0    0    0   82   53   50   43    0   31   26    0   49    0   92   35
    0    0   24    0   49   34   24    0    0    0    4   10   10    0    0   71    0   73    0    0   26   27   89   91    0   64   38    0   24   21   68    0   63   19    0
    0    0   20   42   66   16    0    0    0    0    0   18   13   41   47   15    0  100    0   26    0    0    0    0    0   61    0    0    0   59    0   17   67   11   47
    0   77    7    0    0    0   82   64   42   69   46   40   27    0   96   75   30   40    0   27    0    0   35    0   68    0   79    0   51    7   40   70   76   29    0
   27    0   15   12    0   22   65   52   15    0    0    0    0   26    0    0    0   98    0   89    0   35    0    0    0   56    0    0    0    6    0    0    9   72   82
    0    0    0   89    0    0   85    2   81   34    0   11    0    0    0    0    4    0   82   91    0    0    0    0    0   43   96   21    0    0   22   28    0    0    0
    0   96   92   23   67    0    0   11   12    8    0   52   70    0   94    0    0   49   53    0    0   68    0    0    0    0    0    0    0   27   60    0    0   68    0
    0    0    3   44    0    0    0   90   32   60    0    0    0    0   31    0   11   14   50   64   61    0   56   43    0    0    0   31   20    0   95   50   29    0    0
    0    0   20    5   17   19    0    0   69   97   24    0   85    0    0   77   47    0   43   38    0   79    0   96    0    0    0   85   47    0   34   96    0   16   60
    0    0    2   24    0   24    0   74    0    0    0    0    0    0    8   37    0    0    0    0    0    0    0   21    0   31   85    0   20   70    0    0    0    0   36
   73    0   10   33   93    0   89   57   42    0   91   26    0   50   16    0    0   21   31   24    0   51    0    0    0   20   47   20    0   59   42    0   62    0   42
    0   52   49    0   95    0   34    0    0   90    0    0    0    1    6    0   50   58   26   21   59    7    6    0   27    0    0   70   59    0    0   42    0   41    0
   19   27   12   33   20    0    0    0    0    0    0   35   86    0   31    0    0   66    0   68    0   40    0   22   60   95   34    0   42    0    0    0    0   14    1
    0   11   24    0   39    0    0    0    0    6   49   97   82   77    0   96   54    6   49    0   17   70    0   28    0   50   96    0    0   42    0    0    0    0    0
   33   73    0    0    0   81   30    0    0    0    0   11   60   30   40   34   59    0    0   63   67   76    9    0    0   29    0    0   62    0    0    0    0   25   34
    0   48    0    0   66    0   65    0    0    4    0    0   28    0   27    0   37    0   92   19   11   29   72    0   68    0   16    0    0   41   14    0   25    0   99
   80    0   62    0    0   71   60    0   51    0    0   34    0   34    0    0    0    0   35    0   47    0   82    0    0    0   60   36   42    0    1    0   34   99    0
