QBPP_HJ+_35_075_06_2
35 319 176
21 31 35 13 19 44 36 18 10 32 20 27 34 1 36 46 49 34 17 48 30 22 31 30 40 25 44 15 21 44 3 14 5 10 50
    0   19    0   76   81   11   72    0   93    0   61   48    8   76   79   65   12    3    0    0   45   17   93    0   51    0   51    0   10    0   27   56   81    0   59
   19    0   42    0   57    0   55    0   18    5   99   93   16   76   79   10   65    0    0   42    0    0    0    0   16   63    0   58   81   44    0    0   75   61   17
    0   42    0   98    9   82   86    0    0   79   11   96   50   60   28   68    0   16   93   34   64   13    0   93   83    0   15   21    0    0   61   98   71   57    0
   76    0   98    0   15   90   27    0   97   66    0    0    0    0   68    0   53   72   48   45    0    0    0    0    0   32    0    4   74    0   39    0    7   85    1
   81   57    9   15    0    0   15    0    0   20   74    0   73   12    6   20    9   95    0   50   78   77   48    0   77  100    5   50    0    0    0   32   69    0    7
   11    0   82   90    0    0    0   76   31    0   15    0    0    0   43    7   35   64   85    0    0   57   37   96   70   49   72   89   93    0   93    0    8    0    6
   72   55   86   27   15    0    0   72   47   82   87    1    6    0   10   22    6    0   87   53   14   31   14   94   76   90    0    0   21   48    0   73   42    9   59
    0    0    0    0    0   76   72    0   66   76   12    9    0   41   67   69   57   19   56   11    0   33    0   51    0   17    0    4   93   78   62   58   87    0   62
   93   18    0   97    0   31   47   66    0   86   35   61   89    0    0   46    9   67   87    0   15    1    0   60   72   26    0   49    0   20   56   25   15    0   64
    0    5   79   66   20    0   82   76   86    0   59    5   91    0    2    0   95   21   58   76   20   26   41   54   84   68   54   21   29   26   35   60   53   11    0
   61   99   11    0   74   15   87   12   35   59    0    0   30   58    0    0   55   61    0   31    0   71   60    0   20   15    0   42    2   79   75    0    0   96   52
   48   93   96    0    0    0    1    9   61    5    0    0   63   12   96   79    0   58   91   71    0    0    0   20    0   20   13    0   82   99   39   75   36    0   52
    8   16   50    0   73    0    6    0   89   91   30   63    0   15   34   98   67   89   93   90   96   98    0   74   47   65   41   28   64   33   55   86   52    0   40
   76   76   60    0   12    0    0   41    0    0   58   12   15    0   27   69   28   87   71   73    9   39   98   84    0    0    0    0   55   69   22   54   92    7    0
   79   79   28   68    6   43   10   67    0    2    0   96   34   27    0    0   45   89    0    0    0   17   10   47   17   99    0   27   24    0   74   11   46    2   23
   65   10   68    0   20    7   22   69   46    0    0   79   98   69    0    0    9   89   24    0    4   56    9    0   84    2   28   11   92   19    0   19    3   68   29
   12   65    0   53    9   35    6   57    9   95   55    0   67   28   45    9    0   62   41   69   64   15   93   24    0    4   87   61    0    0   29  100   30   66   21
    3    0   16   72   95   64    0   19   67   21   61   58   89   87   89   89   62    0   13   83   66   70   85    0    0    0    3   36   67   86   24    0   67    0   73
    0    0   93   48    0   85   87   56   87   58    0   91   93   71    0   24   41   13    0   22   25   90   15   14   18   62    0   65    0   40    0  100   47   31   83
    0   42   34   45   50    0   53   11    0   76   31   71   90   73    0    0   69   83   22    0   16   26    2   65   70   39   55    0    0    0    3   43   62   28    0
   45    0   64    0   78    0   14    0   15   20    0    0   96    9    0    4   64   66   25   16    0   48   47   40   17   12   51   82   89    0    0    0    0   69   50
   17    0   13    0   77   57   31   33    1   26   71    0   98   39   17   56   15   70   90   26   48    0   59   28   75   32   71   27    0   59   92   47    0   65   11
   93    0    0    0   48   37   14    0    0   41   60    0    0   98   10    9   93   85   15    2   47   59    0   24   45    0   38   14   29    2   97   37   44    0   50
    0    0   93    0    0   96   94   51   60   54    0   20   74   84   47    0   24    0   14   65   40   28   24    0   67   25   34   88   64    6    0   26   86    0   52
   51   16   83    0   77   70   76    0   72   84   20    0   47    0   17   84    0    0   18   70   17   75   45   67    0    0   10   52   67   10   48   41   78   15   78
    0   63    0   32  100   49   90   17   26   68   15   20   65    0   99    2    4    0   62   39   12   32    0   25    0    0   82   24   70   33   12    0   26    0   20
   51    0   15    0    5   72    0    0    0   54    0   13   41    0    0   28   87    3    0   55   51   71   38   34   10   82    0    0   46   10   39   38    0   58   31
    0   58   21    4   50   89    0    4   49   21   42    0   28    0   27   11   61   36   65    0   82   27   14   88   52   24    0    0   67    2    0   81   22   83    5
   10   81    0   74    0   93   21   93    0   29    2   82   64   55   24   92    0   67    0    0   89    0   29   64   67   70   46   67    0   23    0   79   37   37   63
    0   44    0    0    0    0   48   78   20   26   79   99   33   69    0   19    0   86   40    0    0   59    2    6   10   33   10    2   23    0   84   84    0   17   59
   27    0   61   39    0   93    0   62   56   35   75   39   55   22   74    0   29   24    0    3    0   92   97    0   48   12   39    0    0   84    0   17    0   73   99
   56    0   98    0   32    0   73   58   25   60    0   75   86   54   11   19  100    0  100   43    0   47   37   26   41    0   38   81   79   84   17    0   92    4    0
   81   75   71    7   69    8   42   87   15   53    0   36   52   92   46    3   30   67   47   62    0    0   44   86   78   26    0   22   37    0    0   92    0    0    0
    0   61   57   85    0    0    9    0    0   11   96    0    0    7    2   68   66    0   31   28   69   65    0    0   15    0   58   83   37   17   73    4    0    0   91
   59   17    0    1    7    6   59   62   64    0   52   52   40    0   23   29   21   73   83    0   50   11   50   52   78   20   31    5   63   59   99    0    0   91    0
