QBPP_HJ+_45_050_10_5
45 256 597
5 37 46 43 50 27 23 29 11 45 42 9 23 4 50 1 32 3 35 3 8 44 17 20 7 36 36 49 35 42 2 42 41 45 44 25 11 26 50 37 16 46 50 27 6
    0   12    0   78   93   76    0    0   18   72    0    0    3    0   62    0    0    0    0   77   91   10   46    0    0   58   48    0    0    0   23   49    0   96   90   89   50   72   69    0   88   71    0   16   15
   12    0   31    0    0   77   38   74    0   76    0  100   65    0   75    0    0    0    0   11   10    0    0   72   67    0    0    0    0   75   84   25    0   27   92   32   78    0    0    0    0   57    0    0   14
    0   31    0    0   58   32   74   50    0    0    0   17    0   45   12   88  100    0    0   62   76    0   10    0    0    0    0   25   10   44   69   27   76   46    0   71   79    4   85   93   78   44   83   87   74
   78    0    0    0    0    0    6    0   39    0    0   64    0   97    0    0   13   40   78    0   73    0   62   56    0   23    2    0    0    0   25    0   85   41    0   25    0    9    9    0   96   56    0    0   96
   93    0   58    0    0    0    0    0   82   89    0    5    0   96   60    0   97    0   39    0   54    0    4   28   20   94   74    0    9   85   65    0    4    0   68  100    3    9    0    0   99    0    0    0   59
   76   77   32    0    0    0   31    0    0   36    0    0    0   75    8    0  100   32   67   44    0    0    0    0    0   47   37    0    0    0    0    0   26    5   19    3    0    0   30    0   52    0    0    0    0
    0   38   74    6    0   31    0   17   30   87    0   38    0    0    0    0   76    0    0    0    0   72    0   16    0   48    0    0    0   69   25   54    0    0   93    0    0    0   89    0    0    0    0    0    0
    0   74   50    0    0    0   17    0    0    0   55    0   51   62   98    0    0   37    0   34   35    0   32    0   50   51    0    0   33  100    0   51   42   42   40   13    0   88   26    0    0    0   89   62   43
   18    0    0   39   82    0   30    0    0   43   13    0    0    0   61   74   74    0   68   15    0    0    0    0    0   91    0    0   98    0   40   11   95    0    0   49    0    0   53   62   54   22    0   98    0
   72   76    0    0   89   36   87    0   43    0    0   48   58   66   63    0    0    0    0   62    0   97    0   99    0   62   74   62    0   28    0   36    0    0    0   40    0   52   55   76   36    7   90   91   44
    0    0    0    0    0    0    0   55   13    0    0   72    0   65    0    0    0   61   92   40   45    0   90    0    0   38    7    0   43   34   32    0    0    0    0    2    0    0    0    0   28    0    0    0    0
    0  100   17   64    5    0   38    0    0   48   72    0    0    8   34   67    0    5    0   58    0    1    5   29    0    0    0   19    0    0    0   98    0    0   33  100   88   24   83    0    0   53    0   82    0
    3   65    0    0    0    0    0   51    0   58    0    0    0   72   80   97    0    0   38    0    0    0   55    0   55   66   42    0    0    0    0    0   54    0   51   64    0   31   67    0   23   17   23    0   30
    0    0   45   97   96   75    0   62    0   66   65    8   72    0   68    2   19    3    0    5    0   37   36    0    0   71   92   91    0    0   74   44   19   74    0    3   45    0    0    0    2   59    0    0    0
   62   75   12    0   60    8    0   98   61   63    0   34   80   68    0   64   17    0   15   72    0    0   88   51    0   83    3   63    0   39    0   72    0    0   43   35    0   74    0   35   62   83   86    0    0
    0    0   88    0    0    0    0    0   74    0    0   67   97    2   64    0   92   97    0    0    0    1   43    0   28   50   99   33   42   24   78    0   89   43    0   86   11    0    0    9    0    0    0   22    0
    0    0  100   13   97  100   76    0   74    0    0    0    0   19   17   92    0    0    0    0    0    0   33   87    0   12   18   29    0    0   40    0   45    0    0    7    9    0    0    0   12   37   58   62   43
    0    0    0   40    0   32    0   37    0    0   61    5    0    3    0   97    0    0   43   72   14    0    0    0  100    0   43   18    0  100    0   77   21   95    0    0   36    0   57   58   70    0   83   71    0
    0    0    0   78   39   67    0    0   68    0   92    0   38    0   15    0    0   43    0   56   56    0    0    0   85    0    9    2   83    0   74    0   76    8   59   94    0   69   69    0    0    0    0    0   63
   77   11   62    0    0   44    0   34   15   62   40   58    0    5   72    0    0   72   56    0   55   81    0   90    0   85    0   29    0   62   31   40    0    0   99    0    0    0   75   16    9    0   46   78    0
   91   10   76   73   54    0    0   35    0    0   45    0    0    0    0    0    0   14   56   55    0   82   12    0   70    9   83    0    0    0   93   84    0    0   36   45    0    0   76   68    0    0    0    0    0
   10    0    0    0    0    0   72    0    0   97    0    1    0   37    0    1    0    0    0   81   82    0    0    0   98    0    0    0   50   17    0    0   14   40    0   88   26   74    0    0    0    0   33    0   74
   46    0   10   62    4    0    0   32    0    0   90    5   55   36   88   43   33    0    0    0   12    0    0    0    0    5    0    0   49   36   39    0    0    0   23   85   66  100   37    0    0   32   46    0    0
    0   72    0   56   28    0   16    0    0   99    0   29    0    0   51    0   87    0    0   90    0    0    0    0    0   73    0   66   46    0   48   97   73    0   49   80   23    0    0    0    0   66    0   21    0
    0   67    0    0   20    0    0   50    0    0    0    0   55    0    0   28    0  100   85    0   70   98    0    0    0    0   29    0   42    0   81   24   52   91   91   24    0    0   40   58    2   69    0   59   30
   58    0    0   23   94   47   48   51   91   62   38    0   66   71   83   50   12    0    0   85    9    0    5   73    0    0   57   48    0    0   10    0    0   31    0   69    0   40    0    0   94    0   14   70    0
   48    0    0    2   74   37    0    0    0   74    7    0   42   92    3   99   18   43    9    0   83    0    0    0   29   57    0   72    0    0    4   50    5    0    0    0   53   84   92    0    0   89    0    0   81
    0    0   25    0    0    0    0    0    0   62    0   19    0   91   63   33   29   18    2   29    0    0    0   66    0   48   72    0   38    0   98   54   75    0   51    0    0    0    0    0    0    0    0    0    0
    0    0   10    0    9    0    0   33   98    0   43    0    0    0    0   42    0    0   83    0    0   50   49   46   42    0    0   38    0   86    0   18   94    0   10   21   36   58    0   12   53   86    0    0    0
    0   75   44    0   85    0   69  100    0   28   34    0    0    0   39   24    0  100    0   62    0   17   36    0    0    0    0    0   86    0   44    0   50    0   31    0    0   86   20    0    0    0    0   25    0
   23   84   69   25   65    0   25    0   40    0   32    0    0   74    0   78   40    0   74   31   93    0   39   48   81   10    4   98    0   44    0    0   56    0    0   83   99   51   71    0   79    0    0   30    0
   49   25   27    0    0    0   54   51   11   36    0   98    0   44   72    0    0   77    0   40   84    0    0   97   24    0   50   54   18    0    0    0    0    0    0    0    0    0    0    0    0    0   50    5   19
    0    0   76   85    4   26    0   42   95    0    0    0   54   19    0   89   45   21   76    0    0   14    0   73   52    0    5   75   94   50   56    0    0   29    0   25    7    9   86    0    0    0    0   73   45
   96   27   46   41    0    5    0   42    0    0    0    0    0   74    0   43    0   95    8    0    0   40    0    0   91   31    0    0    0    0    0    0   29    0    0    0    0   27    0    0    0   44   33   77    0
   90   92    0    0   68   19   93   40    0    0    0   33   51    0   43    0    0    0   59   99   36    0   23   49   91    0    0   51   10   31    0    0    0    0    0   56    0    0    0   92   82    0   18    0   85
   89   32   71   25  100    3    0   13   49   40    2  100   64    3   35   86    7    0   94    0   45   88   85   80   24   69    0    0   21    0   83    0   25    0   56    0   33    0    0    0    0   65    0   47    5
   50   78   79    0    3    0    0    0    0    0    0   88    0   45    0   11    9   36    0    0    0   26   66   23    0    0   53    0   36    0   99    0    7    0    0   33    0   82    9   11    0   83   12    8    0
   72    0    4    9    9    0    0   88    0   52    0   24   31    0   74    0    0    0   69    0    0   74  100    0    0   40   84    0   58   86   51    0    9   27    0    0   82    0   63   86   21    0    5   11   53
   69    0   85    9    0   30   89   26   53   55    0   83   67    0    0    0    0   57   69   75   76    0   37    0   40    0   92    0    0   20   71    0   86    0    0    0    9   63    0   56    0    0    0   62   97
    0    0   93    0    0    0    0    0   62   76    0    0    0    0   35    9    0   58    0   16   68    0    0    0   58    0    0    0   12    0    0    0    0    0   92    0   11   86   56    0    0    0   98   75   62
   88    0   78   96   99   52    0    0   54   36   28    0   23    2   62    0   12   70    0    9    0    0    0    0    2   94    0    0   53    0   79    0    0    0   82    0    0   21    0    0    0   52    0   13   15
   71   57   44   56    0    0    0    0   22    7    0   53   17   59   83    0   37    0    0    0    0    0   32   66   69    0   89    0   86    0    0    0    0   44    0   65   83    0    0    0   52    0   48    0   67
    0    0   83    0    0    0    0   89    0   90    0    0   23    0   86    0   58   83    0   46    0   33   46    0    0   14    0    0    0    0    0   50    0   33   18    0   12    5    0   98    0   48    0    0   51
   16    0   87    0    0    0    0   62   98   91    0   82    0    0    0   22   62   71    0   78    0    0    0   21   59   70    0    0    0   25   30    5   73   77    0   47    8   11   62   75   13    0    0    0   19
   15   14   74   96   59    0    0   43    0   44    0    0   30    0    0    0   43    0   63    0    0   74    0    0   30    0   81    0    0    0    0   19   45    0   85    5    0   53   97   62   15   67   51   19    0
