QBPP_HJ-_35_050_10_4
35 188 548
36 7 49 20 26 50 8 20 9 16 22 15 26 28 30 41 8 22 20 9 32 49 14 43 31 34 40 36 21 40 5 40 34 24 35
     0   -29     0     0     0     0     0     0     0     0     0   -79   -72     0     0     0   -36   -27     0   -17     0   -13   -28     0   -74     0     0   -44   -30   -18   -77     0     0     0    -7
   -29     0     0   -42   -39     0     0   -57     0     0     0     0   -96     0   -91     0     0   -42     0    -5     0   -93     0   -68   -82     0     0   -70     0   -30     0     0     0     0     0
     0     0     0   -26     0   -92     0   -12     0   -57     0   -82     0     0   -84   -86     0   -98     0   -84     0   -85     0   -55     0   -55   -48     0    -3    -5   -57     0   -89   -70    -2
     0   -42   -26     0   -91     0    -8     0   -92   -45   -87   -29   -10    -7     0   -76     0     0     0   -33     0   -19   -86     0   -52   -93   -46     0     0     0     0   -56   -91     0     0
     0   -39     0   -91     0     0     0   -59     0     0     0    -8     0     0     0   -99     0     0   -88   -24   -20     0   -66     0     0  -100    -9   -67   -24     0     0   -38     0   -19     0
     0     0   -92     0     0     0     0    -9   -99   -76   -89    -5   -61     0    -3     0   -90   -65     0   -40     0   -47     0     0     0    -5     0   -95     0   -25   -22     0     0     0     0
     0     0     0    -8     0     0     0     0   -27     0   -34   -73     0   -86   -14     0     0    -9   -76   -65   -60     0     0     0   -25    -7   -33     0     0     0   -13    -3   -77   -83   -70
     0   -57   -12     0   -59    -9     0     0     0    -4     0   -50     0     0   -82     0     0   -82     0     0     0     0     0     0     0     0   -53     0     0     0     0   -73   -23     0     0
     0     0     0   -92     0   -99   -27     0     0     0   -82   -89     0     0   -24   -78   -89     0     0   -91     0   -49     0   -12     0   -63   -82   -81   -73     0   -86     0   -19   -67   -86
     0     0   -57   -45     0   -76     0    -4     0     0   -42   -52     0     0   -52     0    -5     0     0   -19     0     0   -38   -51   -47   -74     0   -29     0     0   -39     0   -85     0     0
     0     0     0   -87     0   -89   -34     0   -82   -42     0   -14     0     0     0     0   -30     0   -23     0   -45     0     0     0   -87     0    -8   -76     0     0   -60   -67     0     0   -98
   -79     0   -82   -29    -8    -5   -73   -50   -89   -52   -14     0     0   -35   -52     0   -80   -10   -98   -70     0     0     0     0     0   -11   -52     0   -87   -52     0   -90     0     0     0
   -72   -96     0   -10     0   -61     0     0     0     0     0     0     0   -15   -32   -84     0  -100     0    -9     0   -49   -13   -45     0     0   -61     0   -65   -40     0     0     0     0   -95
     0     0     0    -7     0     0   -86     0     0     0     0   -35   -15     0   -85   -61   -43   -56     0   -70    -3     0   -81   -89     0   -96     0   -17     0   -58   -16   -19     0   -15   -82
     0   -91   -84     0     0    -3   -14   -82   -24   -52     0   -52   -32   -85     0   -96   -11   -89     0   -92   -51   -74     0   -65     0   -54     0    -7   -37   -74   -47   -18   -29   -37   -58
     0     0   -86   -76   -99     0     0     0   -78     0     0     0   -84   -61   -96     0   -85   -75     0   -96     0     0    -5     0   -71     0     0   -63   -20   -48     0     0    -4     0   -32
   -36     0     0     0     0   -90     0     0   -89    -5   -30   -80     0   -43   -11   -85     0   -41   -80     0   -33    -7     0   -47     0     0   -16     0   -14     0   -45   -44    -4     0   -52
   -27   -42   -98     0     0   -65    -9   -82     0     0     0   -10  -100   -56   -89   -75   -41     0   -14     0     0   -29     0   -78   -82     0   -45     0     0   -27     0     0     0   -50   -87
     0     0     0     0   -88     0   -76     0     0     0   -23   -98     0     0     0     0   -80   -14     0   -56     0   -30     0     0     0   -86   -59   -98     0   -35     0     0     0     0   -49
   -17    -5   -84   -33   -24   -40   -65     0   -91   -19     0   -70    -9   -70   -92   -96     0     0   -56     0   -43     0     0   -27     0    -5     0     0     0     0     0     0   -38   -55     0
     0     0     0     0   -20     0   -60     0     0     0   -45     0     0    -3   -51     0   -33     0     0   -43     0     0   -10     0   -29   -79   -89     0     0   -30     0     0     0   -80     0
   -13   -93   -85   -19     0   -47     0     0   -49     0     0     0   -49     0   -74     0    -7   -29   -30     0     0     0     0   -78   -89   -75   -72     0   -45     0     0   -33     0     0  -100
   -28     0     0   -86   -66     0     0     0     0   -38     0     0   -13   -81     0    -5     0     0     0     0   -10     0     0     0     0   -26     0   -68     0     0     0   -98     0     0     0
     0   -68   -55     0     0     0     0     0   -12   -51     0     0   -45   -89   -65     0   -47   -78     0   -27     0   -78     0     0     0   -40   -49     0     0     0     0   -32     0   -26   -40
   -74   -82     0   -52     0     0   -25     0     0   -47   -87     0     0     0     0   -71     0   -82     0     0   -29   -89     0     0     0   -34     0     0   -73     0     0   -76     0     0     0
     0     0   -55   -93  -100    -5    -7     0   -63   -74     0   -11     0   -96   -54     0     0     0   -86    -5   -79   -75   -26   -40   -34     0   -52   -87     0   -90   -46   -30     0     0     0
     0     0   -48   -46    -9     0   -33   -53   -82     0    -8   -52   -61     0     0     0   -16   -45   -59     0   -89   -72     0   -49     0   -52     0     0    -1   -49   -52     0   -11     0   -91
   -44   -70     0     0   -67   -95     0     0   -81   -29   -76     0     0   -17    -7   -63     0     0   -98     0     0     0   -68     0     0   -87     0     0     0   -58     0   -99   -51     0     0
   -30     0    -3     0   -24     0     0     0   -73     0     0   -87   -65     0   -37   -20   -14     0     0     0     0   -45     0     0   -73     0    -1     0     0   -83   -85     0     0     0    -3
   -18   -30    -5     0     0   -25     0     0     0     0     0   -52   -40   -58   -74   -48     0   -27   -35     0   -30     0     0     0     0   -90   -49   -58   -83     0     0   -55     0   -79    -8
   -77     0   -57     0     0   -22   -13     0   -86   -39   -60     0     0   -16   -47     0   -45     0     0     0     0     0     0     0     0   -46   -52     0   -85     0     0   -14   -71     0     0
     0     0     0   -56   -38     0    -3   -73     0     0   -67   -90     0   -19   -18     0   -44     0     0     0     0   -33   -98   -32   -76   -30     0   -99     0   -55   -14     0   -51     0   -47
     0     0   -89   -91     0     0   -77   -23   -19   -85     0     0     0     0   -29    -4    -4     0     0   -38     0     0     0     0     0     0   -11   -51     0     0   -71   -51     0     0   -27
     0     0   -70     0   -19     0   -83     0   -67     0     0     0     0   -15   -37     0     0   -50     0   -55   -80     0     0   -26     0     0     0     0     0   -79     0     0     0     0   -96
    -7     0    -2     0     0     0   -70     0   -86     0   -98     0   -95   -82   -58   -32   -52   -87   -49     0     0  -100     0   -40     0     0   -91     0    -3    -8     0   -47   -27   -96     0
