QBPP_HJ+_30_075_06_1
30 269 169
3 13 23 47 12 22 27 25 9 29 41 49 3 47 50 48 38 38 28 24 44 42 37 29 3 16 14 36 1 9
   0  59  91   0  33  68   0   0  31   0  21   8   0  96   0   5   0  46   0  55   0  87  52  20  80   0  86   0  65  80
  59   0   0   8   0  70  85   0   0  74  32   0  65  61  87  81  37  18  96   0  57  51  77  99  74  22  95  55  10  38
  91   0   0   0  26  53  75   0  12  10  25  88   0   0  54   0   8  81  86  49   0  39  69  53   0   0  94  80  56  30
   0   8   0   0  46  70  28  19  51   0  43   0   0   2  24  96  32  26  18  69   5  71   0  18  42  28  73   0  39  68
  33   0  26  46   0  54   0  90  54  53   9  80   0   5  40   0  54   0  41  38  83   6   7  44  11   0  96   0  58   0
  68  70  53  70  54   0  92  86  85   8  85   0  82  66   0   0  20  53  59  17  54  21  76   0  78   4  50   8  14   0
   0  85  75  28   0  92   0   0  26   0  36  20   6   0  94  65  54   0   0  65  80  61  88  49  71   5  69  47   0   0
   0   0   0  19  90  86   0   0   5   0   0   0  39   0  73  56  35  89  30  21   0  30  50   0   0   0   0   3  15  45
  31   0  12  51  54  85  26   5   0  97  23  30  99  26   0   0  51  49  72  22  47  84  15  62   7  47   0   0  11  78
   0  74  10   0  53   8   0   0  97   0  84  59  65  15   0  39   0  50  20  66   0   0   0   0  74   0  52   0  51  78
  21  32  25  43   9  85  36   0  23  84   0  62   0   0  92  98  43  29  40  10  71   0   0   2  22   0   8  52  99   0
   8   0  88   0  80   0  20   0  30  59  62   0  77  76   0  72  34   0  91   0  41  16   3  42  12  70   0  45  13  61
   0  65   0   0   0  82   6  39  99  65   0  77   0  39  57   0  26  78  49  72   5  14  13   0  75   0   0   0  15   0
  96  61   0   2   5  66   0   0  26  15   0  76  39   0   9   0   0  34   0  11  30  70  87   5  65  68  65  93   1  22
   0  87  54  24  40   0  94  73   0   0  92   0  57   9   0  89  48  90  38   1   0  79   0  44   3  22  36   0  50   3
   5  81   0  96   0   0  65  56   0  39  98  72   0   0  89   0   0  50  49   0  34  29  66  21  36  50   7  57  79  24
   0  37   8  32  54  20  54  35  51   0  43  34  26   0  48   0   0  95  95  66  37   0  52  42   9   0  81   0  71  45
  46  18  81  26   0  53   0  89  49  50  29   0  78  34  90  50  95   0  86   0  46  92   0   0  58   0  82  42  69  31
   0  96  86  18  41  59   0  30  72  20  40  91  49   0  38  49  95  86   0   0   0  71  50   0  55  69  10  34  46  80
  55   0  49  69  38  17  65  21  22  66  10   0  72  11   1   0  66   0   0   0   2  67  81  49  96  27   0  77  66  34
   0  57   0   5  83  54  80   0  47   0  71  41   5  30   0  34  37  46   0   2   0   0  49  25  25  88  49  70  31   0
  87  51  39  71   6  21  61  30  84   0   0  16  14  70  79  29   0  92  71  67   0   0  58  32   0  15  92  14  19   1
  52  77  69   0   7  76  88  50  15   0   0   3  13  87   0  66  52   0  50  81  49  58   0  39  33  20  24  19   0  72
  20  99  53  18  44   0  49   0  62   0   2  42   0   5  44  21  42   0   0  49  25  32  39   0   0  60  16   0   0  85
  80  74   0  42  11  78  71   0   7  74  22  12  75  65   3  36   9  58  55  96  25   0  33   0   0  35   0  33   7   3
   0  22   0  28   0   4   5   0  47   0   0  70   0  68  22  50   0   0  69  27  88  15  20  60  35   0  67   0  28  65
  86  95  94  73  96  50  69   0   0  52   8   0   0  65  36   7  81  82  10   0  49  92  24  16   0  67   0  49   0  32
   0  55  80   0   0   8  47   3   0   0  52  45   0  93   0  57   0  42  34  77  70  14  19   0  33   0  49   0  37  60
  65  10  56  39  58  14   0  15  11  51  99  13  15   1  50  79  71  69  46  66  31  19   0   0   7  28   0  37   0  83
  80  38  30  68   0   0   0  45  78  78   0  61   0  22   3  24  45  31  80  34   0   1  72  85   3  65  32  60  83   0
