QBPP_HJ*_25_075_10_3
25 118 36
12 10 46 17 44 21 44 17 25 30 3 12 10 18 28 30 18 45 37 10 11 28 27 29 18
    0  -50   -5   38   26   26  -49    4   29   33   44   28    0  -16  -37    0   42  -41   14  -47   11    0    5    0   24
  -50    0   -4    0    8   -1   16  -49    0    8    3    0   35   20  -47    0  -37   47   48    8   43   33  -47   22   23
   -5   -4    0    0   50   14    0    0   34  -29  -36    5    0    2   11    9   10    0   10    0   25    8   42  -18  -13
   38    0    0    0    0   26  -39   46   -2   44    0    0   24    2   12   21    7    6   34   23   49    0    0    0   30
   26    8   50    0    0   25  -23   24  -47  -17   34    0  -35   -2   22   -4    0    0   25  -33    0   46   12  -48   12
   26   -1   14   26   25    0   10   25  -19    0  -15   39  -47  -46   16    5  -28  -40  -21   -1    0   49   29   -3    0
  -49   16    0  -39  -23   10    0   -3   18  -34   -6   13    0   35   49    0  -34   -6  -11    0    0  -29  -12   -7   18
    4  -49    0   46   24   25   -3    0   35   22    0   48   42  -46   43  -28  -30   48  -46   14    0  -12    0   18   20
   29    0   34   -2  -47  -19   18   35    0   12    0    0  -34   20   37    5   -7    0   32  -29   33  -33  -45    0  -42
   33    8  -29   44  -17    0  -34   22   12    0   26   50  -42   -6  -27   48   33  -18  -13   30    6  -15   -6    0    0
   44    3  -36    0   34  -15   -6    0    0   26    0  -10    0    0    0   33    0    0    1  -31   27    0   10    0    0
   28    0    5    0    0   39   13   48    0   50  -10    0  -38  -32    0  -34   49  -20   -2  -42   25  -18   50  -34    0
    0   35    0   24  -35  -47    0   42  -34  -42    0  -38    0   39   44   39    5   31  -24    0   16   -1   15   14   -8
  -16   20    2    2   -2  -46   35  -46   20   -6    0  -32   39    0    0  -45    0    0  -31    8  -23   -7  -42    2  -49
  -37  -47   11   12   22   16   49   43   37  -27    0    0   44    0    0   39    0  -34  -29    0   40  -16    0  -26  -37
    0    0    9   21   -4    5    0  -28    5   48   33  -34   39  -45   39    0   35  -25   33  -25  -20  -35  -46  -13    0
   42  -37   10    7    0  -28  -34  -30   -7   33    0   49    5    0    0   35    0   18  -38   47    0    0  -21    1  -13
  -41   47    0    6    0  -40   -6   48    0  -18    0  -20   31    0  -34  -25   18    0    0    0    0   46   46   17  -47
   14   48   10   34   25  -21  -11  -46   32  -13    1   -2  -24  -31  -29   33  -38    0    0   -4    0  -48   21   17    0
  -47    8    0   23  -33   -1    0   14  -29   30  -31  -42    0    8    0  -25   47    0   -4    0    6  -49  -48  -28   14
   11   43   25   49    0    0    0    0   33    6   27   25   16  -23   40  -20    0    0    0    6    0    4   27   45   22
    0   33    8    0   46   49  -29  -12  -33  -15    0  -18   -1   -7  -16  -35    0   46  -48  -49    4    0    1  -23   24
    5  -47   42    0   12   29  -12    0  -45   -6   10   50   15  -42    0  -46  -21   46   21  -48   27    1    0    0   40
    0   22  -18    0  -48   -3   -7   18    0    0    0  -34   14    2  -26  -13    1   17   17  -28   45  -23    0    0    3
   24   23  -13   30   12    0   18   20  -42    0    0    0   -8  -49  -37    0  -13  -47    0   14   22   24   40    3    0
