QBPP_HJ*_25_075_06_2
25 167 2
7 4 40 45 12 29 8 5 40 47 20 47 6 44 10 12 13 34 46 2 6 1 10 9 3
    0   23   15    0  -20  -43   21   48  -25    0    0    0   34  -41  -23    0  -27  -40  -24   36  -20   -6  -19  -45  -13
   23    0  -11  -22  -41  -44   37   44    2    7    0   25   16  -23    5   -3   -1  -44  -37    0  -50   27    0   28   22
   15  -11    0    0   29    0    0  -11   40   27  -41   26    0   23  -36   46   14  -11  -32    6   29    6  -22    0   -6
    0  -22    0    0   35  -41    0  -17  -26   -6    2    0    0  -19    0   25   36    0   13  -25   20   29  -13    0   12
  -20  -41   29   35    0   13  -42  -20  -22   43  -12  -20    0   47   11   26   39    0  -22    9   40   15   42   -5   39
  -43  -44    0  -41   13    0    0    5  -26   26  -33    0   26    0    4  -33    0  -46   -8   -3  -14    9    0   35   35
   21   37    0    0  -42    0    0   -1    0  -31    0    0    0  -28    0   -3    0  -25   50   33  -25   20   -8  -12   25
   48   44  -11  -17  -20    5   -1    0  -11    0   -3  -17  -22  -15    0    0   40    0    4   -5   -7  -40  -25  -27  -38
  -25    2   40  -26  -22  -26    0  -11    0   41    0  -12  -10    4  -27   41    9  -36  -19    0  -29    0   11    0    5
    0    7   27   -6   43   26  -31    0   41    0    0    5  -20   -9   -9    9   48   11  -18    0  -33  -20    0  -41   39
    0    0  -41    2  -12  -33    0   -3    0    0    0  -41    0   50   33   15   26  -35   -1   -6    0   -7    0   29  -19
    0   25   26    0  -20    0    0  -17  -12    5  -41    0  -32   17   12  -50   23   45   43    0    0  -10   18   43    0
   34   16    0    0    0   26    0  -22  -10  -20    0  -32    0    0   24  -22    0   17  -41   28  -37   35    0  -50  -20
  -41  -23   23  -19   47    0  -28  -15    4   -9   50   17    0    0    9   23    0    0    0   29    0  -22  -16   34   48
  -23    5  -36    0   11    4    0    0  -27   -9   33   12   24    9    0    0    0  -28  -30  -38    0   34    0  -10   15
    0   -3   46   25   26  -33   -3    0   41    9   15  -50  -22   23    0    0    0    0    0   40  -33   44  -35   26   16
  -27   -1   14   36   39    0    0   40    9   48   26   23    0    0    0    0    0  -29    0    0    0  -33   -8   -4   21
  -40  -44  -11    0    0  -46  -25    0  -36   11  -35   45   17    0  -28    0  -29    0    0   41  -29   35    0   13   44
  -24  -37  -32   13  -22   -8   50    4  -19  -18   -1   43  -41    0  -30    0    0    0    0   13   35   38   41   -1   34
   36    0    6  -25    9   -3   33   -5    0    0   -6    0   28   29  -38   40    0   41   13    0  -35    8    2  -47   32
  -20  -50   29   20   40  -14  -25   -7  -29  -33    0    0  -37    0    0  -33    0  -29   35  -35    0   12  -41   -2  -28
   -6   27    6   29   15    9   20  -40    0  -20   -7  -10   35  -22   34   44  -33   35   38    8   12    0    5  -21   21
  -19    0  -22  -13   42    0   -8  -25   11    0    0   18    0  -16    0  -35   -8    0   41    2  -41    5    0   16  -22
  -45   28    0    0   -5   35  -12  -27    0  -41   29   43  -50   34  -10   26   -4   13   -1  -47   -2  -21   16    0  -32
  -13   22   -6   12   39   35   25  -38    5   39  -19    0  -20   48   15   16   21   44   34   32  -28   21  -22  -32    0
