QBPP_HJ+_30_075_20_4
30 67 5872
15 5 27 16 16 35 17 6 6 48 43 12 26 47 23 1 29 33 49 13 20 19 7 2 44 10 1 8 50 40
    0   31   78   93   69    0    5   49    0   70    4   36    0   19   20    0   35    0   45   96   84   76   90   91    0    1    5    3   40    0
   31    0   13   61   32    0   66   73   54    0   32   49    7    0   86    1   44    0   43   85   75   78    0   70    0   31   74   10    6   38
   78   13    0   52   28   93   52    0   70   30   49   86   88   96   73   56    0   71   61    8    0   74   39   79   85    0    0   32    0    0
   93   61   52    0   76   67   73   78    0    0    0   42   12   54   38   85    0   75   47   68    6   95   80   26   24    4   36    0   38    0
   69   32   28   76    0   85   36   45   31   54   39   72   83    0   92    0   63   87   66   24   84   35    0   55    4   14   50    0   14   57
    0    0   93   67   85    0   35   92   13   58   77   34   55   34   30    0   99   92   70    0   75    0   68   51   74   52    4   34   56    2
    5   66   52   73   36   35    0   98   86   45    0   84   77   23   68    0    8   96    0    3   17   37   10   64   27   85    0    0   67   61
   49   73    0   78   45   92   98    0    9   33   64   82    0   33   58   85   31    0   12   65    0    0   79   45    6   21   19   55   95    7
    0   54   70    0   31   13   86    9    0   35   69   65    0    0   41    0   56    0    0   72   23   90   28    5   27    0   47   83   43   93
   70    0   30    0   54   58   45   33   35    0   48    1   45   85   14    0   53   83   94    0   15   28    8    0   20   52    0   42   77   39
    4   32   49    0   39   77    0   64   69   48    0   16    7   55    0    0   24    0   40    0    0    2   99   87   53   55   85   90   46   96
   36   49   86   42   72   34   84   82   65    1   16    0    6   56   49   59    0   45   70    1   34   86   34    0   66    0   37    0   43   63
    0    7   88   12   83   55   77    0    0   45    7    6    0   70   33   95   13   75   44    0   21   40    7    0   59   40    0   91   60   17
   19    0   96   54    0   34   23   33    0   85   55   56   70    0   62   84   58   71    7   49    0   25    0   73   12   19   25   11   40    0
   20   86   73   38   92   30   68   58   41   14    0   49   33   62    0   62   32   22   22   38   74   96   73   29   51    0   81    0   82    0
    0    1   56   85    0    0    0   85    0    0    0   59   95   84   62    0   92    0   61    0   99   53   83    0   69    0   29    0   68    0
   35   44    0    0   63   99    8   31   56   53   24    0   13   58   32   92    0   76   38   62   59   36   60   95   71   53    0   83    0   40
    0    0   71   75   87   92   96    0    0   83    0   45   75   71   22    0   76    0   63    0   29    0    0   69   51   86   52    0   39    0
   45   43   61   47   66   70    0   12    0   94   40   70   44    7   22   61   38   63    0   89    0    0   29   62   77   88    8   11   32   80
   96   85    8   68   24    0    3   65   72    0    0    1    0   49   38    0   62    0   89    0   11    2  100   47   99   71   87    0    0   43
   84   75    0    6   84   75   17    0   23   15    0   34   21    0   74   99   59   29    0   11    0    0   48   96   65   93    1   63   94   56
   76   78   74   95   35    0   37    0   90   28    2   86   40   25   96   53   36    0    0    2    0    0   23   80   38   14    0   98   74   20
   90    0   39   80    0   68   10   79   28    8   99   34    7    0   73   83   60    0   29  100   48   23    0   79    0   22   64   62    0   72
   91   70   79   26   55   51   64   45    5    0   87    0    0   73   29    0   95   69   62   47   96   80   79    0   56    0   45   27   61   50
    0    0   85   24    4   74   27    6   27   20   53   66   59   12   51   69   71   51   77   99   65   38    0   56    0   73   31   71   56    0
    1   31    0    4   14   52   85   21    0   52   55    0   40   19    0    0   53   86   88   71   93   14   22    0   73    0   63    0   39   87
    5   74    0   36   50    4    0   19   47    0   85   37    0   25   81   29    0   52    8   87    1    0   64   45   31   63    0   39   65    0
    3   10   32    0    0   34    0   55   83   42   90    0   91   11    0    0   83    0   11    0   63   98   62   27   71    0   39    0   35   67
   40    6    0   38   14   56   67   95   43   77   46   43   60   40   82   68    0   39   32    0   94   74    0   61   56   39   65   35    0   24
    0   38    0    0   57    2   61    7   93   39   96   63   17    0    0    0   40    0   80   43   56   20   72   50    0   87    0   67   24    0
