QBPP_HJ-_25_075_20_2
25 63 5134
10 23 11 30 8 19 12 49 42 47 9 27 41 4 37 18 19 1 38 10 35 40 50 8 35
     0   -74   -81    -7     0   -41     0   -58   -58   -45   -33   -94   -49   -55   -70   -17   -18   -61   -97  -100     0   -64     0     0   -61
   -74     0     0    -4   -53   -68   -98   -91     0   -48   -54   -25   -40   -69   -61   -45   -62     0   -86   -34     0   -54    -5   -80   -11
   -81     0     0   -25     0     0   -77   -18     0     0   -73     0   -62   -69   -32   -74   -35   -57   -38     0   -66   -46     0   -16   -27
    -7    -4   -25     0   -60     0   -16     0   -44   -11   -23   -77   -19     0    -2   -76   -58   -81   -17     0   -97   -42   -93   -21     0
     0   -53     0   -60     0   -59   -84   -39   -26    -1   -53    -8    -1     0     0     0   -67   -70   -12     0     0     0   -39   -12   -56
   -41   -68     0     0   -59     0   -26   -65   -78   -98   -63   -58   -74     0   -68   -31   -61   -56   -71     0     0   -47     0   -79    -3
     0   -98   -77   -16   -84   -26     0     0     0   -13   -24   -49   -41   -37   -35   -76   -68   -30   -77   -60     0   -94   -86     0   -27
   -58   -91   -18     0   -39   -65     0     0   -30   -58    -4   -30    -3   -37    -6   -41   -19     0   -66   -19     0   -32   -44   -20   -37
   -58     0     0   -44   -26   -78     0   -30     0     0   -67   -77   -72    -4   -14   -95     0   -90   -50   -29   -60   -49   -62     0   -94
   -45   -48     0   -11    -1   -98   -13   -58     0     0    -9   -41    -1   -88     0   -51     0     0   -83   -96     0     0   -42     0     0
   -33   -54   -73   -23   -53   -63   -24    -4   -67    -9     0   -80   -36   -28     0   -81   -85   -61   -91   -61   -26    -2     0     0   -62
   -94   -25     0   -77    -8   -58   -49   -30   -77   -41   -80     0   -80   -86   -23   -51  -100   -27   -52    -7   -28     0     0     0   -63
   -49   -40   -62   -19    -1   -74   -41    -3   -72    -1   -36   -80     0   -28   -52   -18    -7   -83     0   -42   -94     0   -47   -39   -86
   -55   -69   -69     0     0     0   -37   -37    -4   -88   -28   -86   -28     0   -33    -1     0     0   -90   -50   -55   -83   -31    -7     0
   -70   -61   -32    -2     0   -68   -35    -6   -14     0     0   -23   -52   -33     0   -69   -49   -13    -4     0     0   -27   -88   -48   -71
   -17   -45   -74   -76     0   -31   -76   -41   -95   -51   -81   -51   -18    -1   -69     0   -19     0   -82     0    -7   -49   -16     0     0
   -18   -62   -35   -58   -67   -61   -68   -19     0     0   -85  -100    -7     0   -49   -19     0   -12    -9     0   -28   -29     0     0     0
   -61     0   -57   -81   -70   -56   -30     0   -90     0   -61   -27   -83     0   -13     0   -12     0   -89   -11   -35   -36   -48   -20    -5
   -97   -86   -38   -17   -12   -71   -77   -66   -50   -83   -91   -52     0   -90    -4   -82    -9   -89     0     0   -60   -11   -11   -72   -50
  -100   -34     0     0     0     0   -60   -19   -29   -96   -61    -7   -42   -50     0     0     0   -11     0     0   -81   -43   -64   -96   -75
     0     0   -66   -97     0     0     0     0   -60     0   -26   -28   -94   -55     0    -7   -28   -35   -60   -81     0   -50   -67   -20   -99
   -64   -54   -46   -42     0   -47   -94   -32   -49     0    -2     0     0   -83   -27   -49   -29   -36   -11   -43   -50     0   -67   -72     0
     0    -5     0   -93   -39     0   -86   -44   -62   -42     0     0   -47   -31   -88   -16     0   -48   -11   -64   -67   -67     0   -82   -92
     0   -80   -16   -21   -12   -79     0   -20     0     0     0     0   -39    -7   -48     0     0   -20   -72   -96   -20   -72   -82     0   -12
   -61   -11   -27     0   -56    -3   -27   -37   -94     0   -62   -63   -86     0   -71     0     0    -5   -50   -75   -99     0   -92   -12     0
