QBPP_HJ+_25_075_10_4
25 133 755
47 21 46 9 12 18 7 7 8 40 3 41 32 39 27 37 34 16 13 39 19 50 35 43 20
    0   56    0   21    4    0   78    0   47   98    0   39   35   66    0   18   42   93   22   38   10   96    0   22   35
   56    0   16   11   94    0    0    0   47    6   65   43   96    0    0   99    0    0   42   12   72   62    3   38    0
    0   16    0   59   64    0    5    0   70    0   73   75    0   46    0    7   94   89   18   11    0   89    0   61   55
   21   11   59    0    0   42   40   18    0   31    8   48    0    1   60    4    0    2   19   90   58   66   55    0   89
    4   94   64    0    0   90   24   86    0    0    3   34    0   98   82    0   64   45   87  100   87   21    8   32    0
    0    0    0   42   90    0   91   52   91  100   25   27    0   41   37   70   55    5   33   14   12    0   86   39   64
   78    0    5   40   24   91    0    0   54   32   22   60   49   13   77   57    0    0   35   81   89   59    0    9    7
    0    0    0   18   86   52    0    0    0   44   75   14    0   11    3   90    0   49   40   98   62   82   75   37    0
   47   47   70    0    0   91   54    0    0   64    0   13   16   75   77   99    0   20   70    0   39   75    7   77   88
   98    6    0   31    0  100   32   44   64    0    1   49    0   54    0    0   11   73   30   34   72    0   73   12    2
    0   65   73    8    3   25   22   75    0    1    0   96   64   76   95    8    5   98   44   28   50    0    9   78   18
   39   43   75   48   34   27   60   14   13   49   96    0    2   74   65   20   94    0   17    0   70   13   15   53   94
   35   96    0    0    0    0   49    0   16    0   64    2    0    0   58    0   76   62    6   53   48    0    0   56   55
   66    0   46    1   98   41   13   11   75   54   76   74    0    0   53   12   15   29   88   69   60   43   36   25   15
    0    0    0   60   82   37   77    3   77    0   95   65   58   53    0   71   68    0   48   37   66   35    0   71    0
   18   99    7    4    0   70   57   90   99    0    8   20    0   12   71    0   32   71   58   85   52   52    3    0   58
   42    0   94    0   64   55    0    0    0   11    5   94   76   15   68   32    0    0   43   82   16   75   31   79   68
   93    0   89    2   45    5    0   49   20   73   98    0   62   29    0   71    0    0    4    0    0   54    0    0   35
   22   42   18   19   87   33   35   40   70   30   44   17    6   88   48   58   43    4    0   88   44   46   98   12   86
   38   12   11   90  100   14   81   98    0   34   28    0   53   69   37   85   82    0   88    0   63   76   20   55   17
   10   72    0   58   87   12   89   62   39   72   50   70   48   60   66   52   16    0   44   63    0   81   13    0    0
   96   62   89   66   21    0   59   82   75    0    0   13    0   43   35   52   75   54   46   76   81    0   46    0    7
    0    3    0   55    8   86    0   75    7   73    9   15    0   36    0    3   31    0   98   20   13   46    0    0    9
   22   38   61    0   32   39    9   37   77   12   78   53   56   25   71    0   79    0   12   55    0    0    0    0   81
   35    0   55   89    0   64    7    0   88    2   18   94   55   15    0   58   68   35   86   17    0    7    9   81    0
