QBPP_HJ*_25_075_20_1
25 57 99
11 14 3 19 1 41 15 48 26 22 23 43 1 13 46 22 13 17 49 13 11 48 39 20 4
    0    0  -49   12   -6    0  -15  -29   38    0   19  -46    0    0  -41    0    0   46    8   -6  -24    0    0    0   -2
    0    0    0    0   -9   -1    0  -46   -2    1    0  -38  -33   50   41   13    0  -50  -33  -39   -6    0   33  -37  -26
  -49    0    0   12    0   42  -34  -13    7  -14    0  -40   20    0    0  -43   48  -50    0  -16    0  -35   31   35  -20
   12    0   12    0    0   -2   -6   26   40  -17   49  -36    0  -20    0   22   29    0   11  -17  -28   28    0    8  -23
   -6   -9    0    0    0   25   44   14   -4   31    0    0   26  -16  -44    0  -23  -36  -43  -13   12  -40  -20    0    0
    0   -1   42   -2   25    0    0  -29    0  -21    0   34   10   -4   16  -38   30  -48  -30   50   -2    0    0   11   22
  -15    0  -34   -6   44    0    0    0  -50  -13  -48    0    0   12    5   -1   24  -14    1  -36    0   23    7   -1   33
  -29  -46  -13   26   14  -29    0    0    9   -8  -24    6    0  -19   11   29    0   17    7  -40   37  -24    0  -25   38
   38   -2    7   40   -4    0  -50    9    0    0   42   20    0  -36   28   28   40   48   24    0    0   40   23   18    0
    0    1  -14  -17   31  -21  -13   -8    0    0  -24   35   47  -44  -35   43    0    0   30  -20  -45   18  -10  -14   43
   19    0    0   49    0    0  -48  -24   42  -24    0   37   10  -44   -2   29    0   30   -6  -19    0    0  -23   42    0
  -46  -38  -40  -36    0   34    0    6   20   35   37    0   30   46    0  -38  -12   27  -29   44  -12   50  -10    0   36
    0  -33   20    0   26   10    0    0    0   47   10   30    0  -37   20    1    0   43    0  -41  -18    0   43    0    1
    0   50    0  -20  -16   -4   12  -19  -36  -44  -44   46  -37    0  -31    0    0  -48   27  -35   -3  -38    0   -6  -10
  -41   41    0    0  -44   16    5   11   28  -35   -2    0   20  -31    0  -49   30  -34    4    0   35   24   -4   38   14
    0   13  -43   22    0  -38   -1   29   28   43   29  -38    1    0  -49    0  -36  -14    0    0   42  -40  -50   39  -37
    0    0   48   29  -23   30   24    0   40    0    0  -12    0    0   30  -36    0    0   37   11    2    0   -3    0  -18
   46  -50  -50    0  -36  -48  -14   17   48    0   30   27   43  -48  -34  -14    0    0  -24  -10    0   38   11  -34    0
    8  -33    0   11  -43  -30    1    7   24   30   -6  -29    0   27    4    0   37  -24    0    0  -27    0   11    8   23
   -6  -39  -16  -17  -13   50  -36  -40    0  -20  -19   44  -41  -35    0    0   11  -10    0    0  -38    2    2  -22    0
  -24   -6    0  -28   12   -2    0   37    0  -45    0  -12  -18   -3   35   42    2    0  -27  -38    0   23  -15  -49    0
    0    0  -35   28  -40    0   23  -24   40   18    0   50    0  -38   24  -40    0   38    0    2   23    0    0  -39    0
    0   33   31    0  -20    0    7    0   23  -10  -23  -10   43    0   -4  -50   -3   11   11    2  -15    0    0   -4   -7
    0  -37   35    8    0   11   -1  -25   18  -14   42    0    0   -6   38   39    0  -34    8  -22  -49  -39   -4    0    5
   -2  -26  -20  -23    0   22   33   38    0   43    0   36    1  -10   14  -37  -18    0   23    0    0    0   -7    5    0
