QBPP_HJ-_35_050_10_1
35 187 532
46 38 11 30 36 31 15 15 27 14 41 2 3 30 4 6 19 31 15 35 43 29 25 32 43 41 31 20 45 23 24 36 29 26 38
     0   -21   -48   -41     0     0   -72   -13   -90   -55   -42     0    -8     0   -53   -53    -7     0   -59     0     0     0     0   -19     0     0   -55   -88   -50     0     0     0   -17     0   -16
   -21     0   -91    -7     0     0     0     0   -64   -49   -25   -70   -30     0     0   -40     0     0     0     0     0     0   -99   -70     0     0   -14   -73   -82   -63     0   -77   -24   -17     0
   -48   -91     0     0   -82     0   -86     0   -76   -88     0   -53   -52     0     0     0     0   -26     0     0   -60   -17     0     0    -7     0     0   -55   -65     0   -41     0   -80     0     0
   -41    -7     0     0    -6     0    -6   -35   -85   -51     0     0   -92   -41     0   -35     0     0     0   -35     0     0     0     0     0   -35     0   -25    -4   -35   -61   -38     0   -85     0
     0     0   -82    -6     0   -17   -96     0   -59   -87   -14   -66     0   -92   -89     0     0   -84     0    -7     0   -72     0     0     0   -16     0     0     0     0     0     0   -55   -45     0
     0     0     0     0   -17     0   -63   -13     0   -58     0     0     0     0     0     0     0   -71   -44   -50   -97     0   -59     0     0   -26     0   -78     0     0     0     0   -15   -93     0
   -72     0   -86    -6   -96   -63     0   -78     0   -47     0   -24   -15   -14     0     0     0     0     0   -21   -11   -98    -5   -57   -28     0   -83   -53     0     0   -38   -12     0   -72     0
   -13     0     0   -35     0   -13   -78     0     0   -67     0   -54     0     0   -65   -32     0   -10   -68   -34     0     0     0     0   -61     0     0     0     0     0     0   -81     0   -38   -18
   -90   -64   -76   -85   -59     0     0     0     0   -60   -44   -91     0     0   -32     0     0   -72   -10   -70     0     0   -55     0     0   -85     0     0   -62   -10     0     0    -5     0   -33
   -55   -49   -88   -51   -87   -58   -47   -67   -60     0   -75     0   -62     0   -78     0   -47   -68     0     0   -45   -26     0     0     0   -19     0     0   -44   -41   -90   -29     0   -85     0
   -42   -25     0     0   -14     0     0     0   -44   -75     0     0   -82   -51   -61     0     0     0   -20     0     0   -82     0   -42   -82     0     0   -74     0   -86   -92     0     0     0     0
     0   -70   -53     0   -66     0   -24   -54   -91     0     0     0     0     0   -51   -75   -41   -46   -66     0   -14     0     0     0     0     0   -18     0     0     0     0   -58     0   -28     0
    -8   -30   -52   -92     0     0   -15     0     0   -62   -82     0     0   -78   -44   -62     0     0     0     0   -25   -98   -39     0     0     0   -78     0   -85     0   -12   -21   -26     0     0
     0     0     0   -41   -92     0   -14     0     0     0   -51     0   -78     0   -47    -9     0     0     0     0     0   -36   -47   -86   -85   -73     0   -92    -2     0     0   -38   -98   -22     0
   -53     0     0     0   -89     0     0   -65   -32   -78   -61   -51   -44   -47     0   -85     0     0   -69   -31     0     0   -46   -95   -93     0  -100     0    -8     0     0   -92     0     0   -57
   -53   -40     0   -35     0     0     0   -32     0     0     0   -75   -62    -9   -85     0   -90    -2   -40   -34     0     0   -21     0   -57     0   -98     0     0   -36   -83   -85   -93   -72   -46
    -7     0     0     0     0     0     0     0     0   -47     0   -41     0     0     0   -90     0     0     0   -28     0     0     0     0   -37     0    -9     0     0     0   -86     0   -96     0     0
     0     0   -26     0   -84   -71     0   -10   -72   -68     0   -46     0     0     0    -2     0     0     0   -54   -91     0     0     0     0   -99   -95     0     0     0     0     0   -94     0     0
   -59     0     0     0     0   -44     0   -68   -10     0   -20   -66     0     0   -69   -40     0     0     0     0   -84     0     0     0   -91   -39     0     0     0   -96     0   -87   -65     0     0
     0     0     0   -35    -7   -50   -21   -34   -70     0     0     0     0     0   -31   -34   -28   -54     0     0     0     0   -87   -27     0     0   -68   -67   -44   -58   -33     0     0   -78     0
     0     0   -60     0     0   -97   -11     0     0   -45     0   -14   -25     0     0     0     0   -91   -84     0     0     0   -79   -66    -1     0     0   -15     0   -58    -7     0   -69   -79     0
     0     0   -17     0   -72     0   -98     0     0   -26   -82     0   -98   -36     0     0     0     0     0     0     0     0    -4   -56     0   -10   -58    -9     0     0   -10   -86     0   -79   -26
     0   -99     0     0     0   -59    -5     0   -55     0     0     0   -39   -47   -46   -21     0     0     0   -87   -79    -4     0     0   -98   -78     0   -23   -36     0     0     0     0     0     0
   -19   -70     0     0     0     0   -57     0     0     0   -42     0     0   -86   -95     0     0     0     0   -27   -66   -56     0     0   -53   -69     0   -37     0     0   -53     0    -9     0     0
     0     0    -7     0     0     0   -28   -61     0     0   -82     0     0   -85   -93   -57   -37     0   -91     0    -1     0   -98   -53     0   -55     0   -70    -8   -68   -82   -64     0     0     0
     0     0     0   -35   -16   -26     0     0   -85   -19     0     0     0   -73     0     0     0   -99   -39     0     0   -10   -78   -69   -55     0     0     0     0   -93     0     0   -29   -76     0
   -55   -14     0     0     0     0   -83     0     0     0     0   -18   -78     0  -100   -98    -9   -95     0   -68     0   -58     0     0     0     0     0     0   -30   -12     0     0     0   -27     0
   -88   -73   -55   -25     0   -78   -53     0     0     0   -74     0     0   -92     0     0     0     0     0   -67   -15    -9   -23   -37   -70     0     0     0     0   -99   -42     0   -37   -43     0
   -50   -82   -65    -4     0     0     0     0   -62   -44     0     0   -85    -2    -8     0     0     0     0   -44     0     0   -36     0    -8     0   -30     0     0     0   -42   -56     0   -15     0
     0   -63     0   -35     0     0     0     0   -10   -41   -86     0     0     0     0   -36     0     0   -96   -58   -58     0     0     0   -68   -93   -12   -99     0     0     0   -63     0   -27   -12
     0     0   -41   -61     0     0   -38     0     0   -90   -92     0   -12     0     0   -83   -86     0     0   -33    -7   -10     0   -53   -82     0     0   -42   -42     0     0   -86     0   -22     0
     0   -77     0   -38     0     0   -12   -81     0   -29     0   -58   -21   -38   -92   -85     0     0   -87     0     0   -86     0     0   -64     0     0     0   -56   -63   -86     0   -64    -1   -19
   -17   -24   -80     0   -55   -15     0     0    -5     0     0     0   -26   -98     0   -93   -96   -94   -65     0   -69     0     0    -9     0   -29     0   -37     0     0     0   -64     0     0     0
     0   -17     0   -85   -45   -93   -72   -38     0   -85     0   -28     0   -22     0   -72     0     0     0   -78   -79   -79     0     0     0   -76   -27   -43   -15   -27   -22    -1     0     0     0
   -16     0     0     0     0     0     0   -18   -33     0     0     0     0     0   -57   -46     0     0     0     0     0   -26     0     0     0     0     0     0     0   -12     0   -19     0     0     0
