QBPP_HJ+_25_050_10_2
25 134 547
50 4 25 31 2 33 33 41 35 23 15 25 20 33 46 37 41 21 38 11 47 12 34 5 4
   0   0  70   0   0  60   0   0   0   0   0  93   0  91  88  70   0   0  29   0  85   0  45  57   0
   0   0   8   0   0  75  18  99   5   0   0   3  61  44   0  63   0  92   0   0   0  21  53  37   0
  70   8   0   0   0   0   0  92   0   0   0   0  98  90  81   0  85  28  31   0  64   0  49  97  14
   0   0   0   0  10  97   0  86   0  47  80   0   0  27  36   0   0   8  79  41   0   0  66   0   0
   0   0   0  10   0   0   0   0   0   0   0   0  83  74   2  25   0   0  34  87  93  50  19   0   0
  60  75   0  97   0   0  61  28  91  49  72   0  57  39   0  92  36  10   0  39   0  75  21  40   0
   0  18   0   0   0  61   0  81  77   0  46  14   0   8   0   0   0  86   0   0   0   0  46   0   0
   0  99  92  86   0  28  81   0  73  63  97   0   0   2  98  10  47  75  18  73  63   0  98   0  65
   0   5   0   0   0  91  77  73   0   0   0   0   0  32   0   0   0   0   0  46   0   0   0   0  66
   0   0   0  47   0  49   0  63   0   0  44  16   0  79  34  56  39   0   0  18   0  34   0  65  20
   0   0   0  80   0  72  46  97   0  44   0   0  50  67  53  73   0   0   0  14  40   0   2   0  18
  93   3   0   0   0   0  14   0   0  16   0   0  15  57   0  27   0  88  90  10  64  37  52   0  99
   0  61  98   0  83  57   0   0   0   0  50  15   0  84   0   0   0  72  93   0  82   0  46  38   0
  91  44  90  27  74  39   8   2  32  79  67  57  84   0   0  89   0   0  30   0   0  13  16  97   0
  88   0  81  36   2   0   0  98   0  34  53   0   0   0   0   0  27   0   0   0   0   0  81  47  19
  70  63   0   0  25  92   0  10   0  56  73  27   0  89   0   0  52   0   0   0  61  78   0  72   0
   0   0  85   0   0  36   0  47   0  39   0   0   0   0  27  52   0   0  91  23   0   0   0  79   0
   0  92  28   8   0  10  86  75   0   0   0  88  72   0   0   0   0   0   0   0  18   0   0  16   0
  29   0  31  79  34   0   0  18   0   0   0  90  93  30   0   0  91   0   0   0  36   7  69   0  86
   0   0   0  41  87  39   0  73  46  18  14  10   0   0   0   0  23   0   0   0   0   0  89  29  94
  85   0  64   0  93   0   0  63   0   0  40  64  82   0   0  61   0  18  36   0   0   0   0   0  30
   0  21   0   0  50  75   0   0   0  34   0  37   0  13   0  78   0   0   7   0   0   0   0  26   1
  45  53  49  66  19  21  46  98   0   0   2  52  46  16  81   0   0   0  69  89   0   0   0  58   0
  57  37  97   0   0  40   0   0   0  65   0   0  38  97  47  72  79  16   0  29   0  26  58   0  59
   0   0  14   0   0   0   0  65  66  20  18  99   0   0  19   0   0   0  86  94  30   1   0  59   0
