QBPP_HJ+_30_050_20_2
30 85 3756
27 24 34 29 13 11 4 29 48 3 45 47 8 32 31 37 41 43 11 17 48 20 16 20 31 47 33 50 41 4
    0   48    0    0   96    0   88    7   20    0   55    0    0   79    0   74    0   16   73    0  100   48   52    0   74    0   17   33    0   92
   48    0   17   56    0   29    0    0    0    0    0    0   26   45   12   33    0    0    0    0   28    0   60    0   75    0    0    0   88   64
    0   17    0   68   76   30   87   60    0  100    0    0   99    8   13    0    0    0    0    0  100   53   39    0    0    0    3    0    3    0
    0   56   68    0    0    0    0    0    0   79    0   42    0   26    5   86    0   33    0    0   53   92    0   41   68   37    0   80    0   63
   96    0   76    0    0   15   70    0    0    0   67    0    0   91    0    0   78   71   31   63   25   34    0   33    0    0    0    0   42   29
    0   29   30    0   15    0   98    0   19    0   28   99    0    0    0    0   57   29    0   25   90    0    4   90   18    0   44   33    0   61
   88    0   87    0   70   98    0   10   85   63   95   69    0    2    0   53    0    0   72   33   18    0   13    8    0   10   60   33   57    0
    7    0   60    0    0    0   10    0   96    4    0    4    0    0   63    0   97   37    0   44    0   82   18    0   68   51    0    0   39   20
   20    0    0    0    0   19   85   96    0   77    0    0    6   15    0    0    0    0    0    0   27   86    0   34    0    0    0   93   84   33
    0    0  100   79    0    0   63    4   77    0   66   28    0    0   47    0    7   26    0    0   29   41    0    0   45    0    4    0    0    0
   55    0    0    0   67   28   95    0    0   66    0    0    0    0    0   26   94   11    0   77    0    0    0   67   71    0    0    0   73    0
    0    0    0   42    0   99   69    4    0   28    0    0    0    0    0   35    0    0   21   42    0    0    0    0    0    0    0    0    0   39
    0   26   99    0    0    0    0    0    6    0    0    0    0    8   19    0   98    0   76    0   68    0    6    0   10   37   99   44   26   59
   79   45    8   26   91    0    2    0   15    0    0    0    8    0   84    0    0    0    0   83   93    0    0    0   49   15    0    3   49    0
    0   12   13    5    0    0    0   63    0   47    0    0   19   84    0    0    0   70    0   68   47   17    2    0   90   92    0   23   60    0
   74   33    0   86    0    0   53    0    0    0   26   35    0    0    0    0   78    0   54    0    0  100    0    0    3    0    0   60   65   23
    0    0    0    0   78   57    0   97    0    7   94    0   98    0    0   78    0    0    0    0    0    0    5    0  100    0    0    0    0   27
   16    0    0   33   71   29    0   37    0   26   11    0    0    0   70    0    0    0   77   19   12   15   97    0    0   74    0    0   75   15
   73    0    0    0   31    0   72    0    0    0    0   21   76    0    0   54    0   77    0    0   50   44    0    0    0    0   99   89    0   75
    0    0    0    0   63   25   33   44    0    0   77   42    0   83   68    0    0   19    0    0    0    0    0    0    0   80    0   48    0    0
  100   28  100   53   25   90   18    0   27   29    0    0   68   93   47    0    0   12   50    0    0    0   60   41    0   58    0   64    0   10
   48    0   53   92   34    0    0   82   86   41    0    0    0    0   17  100    0   15   44    0    0    0   12   91    0   37   33   85   49    0
   52   60   39    0    0    4   13   18    0    0    0    0    6    0    2    0    5   97    0    0   60   12    0   95   50   11    0   63   66    0
    0    0    0   41   33   90    8    0   34    0   67    0    0    0    0    0    0    0    0    0   41   91   95    0   22    0   78    8   87   95
   74   75    0   68    0   18    0   68    0   45   71    0   10   49   90    3  100    0    0    0    0    0   50   22    0   65    0    0   60  100
    0    0    0   37    0    0   10   51    0    0    0    0   37   15   92    0    0   74    0   80   58   37   11    0   65    0   53    0    0   71
   17    0    3    0    0   44   60    0    0    4    0    0   99    0    0    0    0    0   99    0    0   33    0   78    0   53    0    0   12    0
   33    0    0   80    0   33   33    0   93    0    0    0   44    3   23   60    0    0   89   48   64   85   63    8    0    0    0    0    0   18
    0   88    3    0   42    0   57   39   84    0   73    0   26   49   60   65    0   75    0    0    0   49   66   87   60    0   12    0    0   93
   92   64    0   63   29   61    0   20   33    0    0   39   59    0    0   23   27   15   75    0   10    0    0   95  100   71    0   18   93    0
