QBPP_HJ+_30_075_10_5
30 155 796
42 50 32 9 38 48 43 6 26 2 23 35 22 36 33 12 35 38 5 45 9 20 1 2 45 43 28 21 4 19
    0   80   41   13    0   99   63   98    0   50   22    3    1   15   20    0    0   47   29    0   17   21   93   31   25   79   63   99    5   41
   80    0   83    0   65   91   52   37   71    6    0   44   53   63   90   79   36   34   15   50   15    0    0    6   47    0   31   41    0    0
   41   83    0   54    0    0    1   74    6    0   88   99    9    0   25   90    3   66   85   81   19  100   52   53   42    4   45   47   12   74
   13    0   54    0   63   43    0    0   46   49    4   19   81   32    0   83   38    0   71   35    0    0   24   72   53   59   31    0   45    0
    0   65    0   63    0   98   56   36    0    0    0    0   18   34   66   49   10    8   90   99   61   69    0   28   92    0   46    0    6   99
   99   91    0   43   98    0   59   75    0    8  100   29    0   70   21   67    0   92   91    0   36   72   81   99   92   34   26   92    0    0
   63   52    1    0   56   59    0   18   72   82   67    0   71   18   95   46   85   51   56   86   97    0   84   44    0   41   53    2   31    0
   98   37   74    0   36   75   18    0   47    7   17   61   76   34   25   76   64    3    0   71   55   65    0   11   18   16   47   77   46   61
    0   71    6   46    0    0   72   47    0   94   93    0    0   69    0   46    7    0    0   88    1   30   23   42   51   70    0    0    0   91
   50    6    0   49    0    8   82    7   94    0   29   37   66    0    0   42   89   97   11   61   68   16   28    0   12   35    0    0   73   70
   22    0   88    4    0  100   67   17   93   29    0   91   96    0    0   37    0   96   96  100    0    0    0    0   87   11    0   29   61    0
    3   44   99   19    0   29    0   61    0   37   91    0   86   29   29   68   32    0   33   12   32   38    7    0    0   97   25   37    0   68
    1   53    9   81   18    0   71   76    0   66   96   86    0   42   39   56    9   69   35   23   99   27   49   93    0   73   34    0   41   12
   15   63    0   32   34   70   18   34   69    0    0   29   42    0    0   71   85    0    9   16    0   25    0   28   72   18   31   89   15    0
   20   90   25    0   66   21   95   25    0    0    0   29   39    0    0   73   16   64    0    0   33   92    0   66   60   37    0   96   91   87
    0   79   90   83   49   67   46   76   46   42   37   68   56   71   73    0   64    9    8   91    2   29    0   81   65   60   54   70   18   30
    0   36    3   38   10    0   85   64    7   89    0   32    9   85   16   64    0   34    0   80   11    6    0   10   74   20   22   86   92   20
   47   34   66    0    8   92   51    3    0   97   96    0   69    0   64    9   34    0   94   47   25   96   12   82   97   37   70    0   68   52
   29   15   85   71   90   91   56    0    0   11   96   33   35    9    0    8    0   94    0    1    0   88    0    0   24   75   20   40    6    0
    0   50   81   35   99    0   86   71   88   61  100   12   23   16    0   91   80   47    1    0   83    0   29   48   11   20   56    9    0    0
   17   15   19    0   61   36   97   55    1   68    0   32   99    0   33    2   11   25    0   83    0  100   90   23   67   55   32    0   91   45
   21    0  100    0   69   72    0   65   30   16    0   38   27   25   92   29    6   96   88    0  100    0   35   70   53   67    0   51   40   84
   93    0   52   24    0   81   84    0   23   28    0    7   49    0    0    0    0   12    0   29   90   35    0   92   94    0   61    4    0   91
   31    6   53   72   28   99   44   11   42    0    0    0   93   28   66   81   10   82    0   48   23   70   92    0   15    0   11   73   33   76
   25   47   42   53   92   92    0   18   51   12   87    0    0   72   60   65   74   97   24   11   67   53   94   15    0    2   30    0   57   23
   79    0    4   59    0   34   41   16   70   35   11   97   73   18   37   60   20   37   75   20   55   67    0    0    2    0    0   21    0    0
   63   31   45   31   46   26   53   47    0    0    0   25   34   31    0   54   22   70   20   56   32    0   61   11   30    0    0   23   12    0
   99   41   47    0    0   92    2   77    0    0   29   37    0   89   96   70   86    0   40    9    0   51    4   73    0   21   23    0   29   14
    5    0   12   45    6    0   31   46    0   73   61    0   41   15   91   18   92   68    6    0   91   40    0   33   57    0   12   29    0   69
   41    0   74    0   99    0    0   61   91   70    0   68   12    0   87   30   20   52    0    0   45   84   91   76   23    0    0   14   69    0
