QBPP_HJ+_30_075_06_2
30 286 196
12 42 39 29 50 12 39 15 23 1 11 16 7 38 35 34 37 40 16 19 47 19 47 30 27 38 33 21 32 49
    0   15   66   69    3   27   79    0   99   82   85   51    0   29   45   11   33    0    0   51   64   92    1    0   25   95   64    5    0   54
   15    0   62   54    0   89   24   51   33    5    8    0    4    0   31    4   17   38   18    0    0   25   74   25   56    5   49   29    0   99
   66   62    0   85   85   81   83   86   72   22   56    0   13   74   25    0   98    0   99    0    1    0   34   76   77   72   72    0   95    0
   69   54   85    0    0   67    0    0   67   57   18    4   52   99   64   50   91   79   94   41   59   97   44   51    0   59   72   85   92    0
    3    0   85    0    0    0   67    0   85   79   53   94   35   80    0   12   61   37   83    0   17   88    0   80   60   42   45   36   18   61
   27   89   81   67    0    0   47   53   16   76   62    0   86    9    0   38   78    0    0  100    4   50    0   18   38    4   84    0    0   48
   79   24   83    0   67   47    0   10   53   66   56   39   59    0   70   45   91   95   85   73   53    0    0   33   95    0   36   62   49   19
    0   51   86    0    0   53   10    0    0   75   11   13   22    0    1   59   78   18   36   15   32   38   36   13   26    0    0   17   83   90
   99   33   72   67   85   16   53    0    0    0   47    0   47    9   32   42    0    0    0   92    0    2   84   40   86    6   67   37   27   40
   82    5   22   57   79   76   66   75    0    0   37   61   57   23    0   80   57   33   45   30   53   91    0   66    2   98   43    0   71   60
   85    8   56   18   53   62   56   11   47   37    0   43   10   38   62   58   40   76    0    0   85    0   31   32    0    0   53   31   64   27
   51    0    0    4   94    0   39   13    0   61   43    0   58    4   23   20   59   73   59   54   30   83   40   31   24   55   10   89    4   24
    0    4   13   52   35   86   59   22   47   57   10   58    0   71   72    0   50   60    0   46    0    8   77    6   20   64   50   99   87   67
   29    0   74   99   80    9    0    0    9   23   38    4   71    0   98    0   48    0   46   11    8    0    0    0   85   88   13   83   10   92
   45   31   25   64    0    0   70    1   32    0   62   23   72   98    0   24   29    2    0   30   49   63   74    0   78   76    0   63   18   71
   11    4    0   50   12   38   45   59   42   80   58   20    0    0   24    0   20   24    0   21   41   90   51    0   32   10   29   79    0   96
   33   17   98   91   61   78   91   78    0   57   40   59   50   48   29   20    0   70   75   97   70   13   45   66   69   28   53    1   94   18
    0   38    0   79   37    0   95   18    0   33   76   73   60    0    2   24   70    0   65   80   93   77   68   22    0   62   76    1   29   16
    0   18   99   94   83    0   85   36    0   45    0   59    0   46    0    0   75   65    0   49    0    0   58   37    0   59    9   45   34   69
   51    0    0   41    0  100   73   15   92   30    0   54   46   11   30   21   97   80   49    0   90   65   97  100   83   17   27   68   62    0
   64    0    1   59   17    4   53   32    0   53   85   30    0    8   49   41   70   93    0   90    0   28    0   90   73   18   76   82   70   77
   92   25    0   97   88   50    0   38    2   91    0   83    8    0   63   90   13   77    0   65   28    0    0    0   81   48    4   39   68   88
    1   74   34   44    0    0    0   36   84    0   31   40   77    0   74   51   45   68   58   97    0    0    0   28   97   88    0   25   88   75
    0   25   76   51   80   18   33   13   40   66   32   31    6    0    0    0   66   22   37  100   90    0   28    0    0    0   54    0   73    0
   25   56   77    0   60   38   95   26   86    2    0   24   20   85   78   32   69    0    0   83   73   81   97    0    0   78   70    0   75    5
   95    5   72   59   42    4    0    0    6   98    0   55   64   88   76   10   28   62   59   17   18   48   88    0   78    0   81   53    0    0
   64   49   72   72   45   84   36    0   67   43   53   10   50   13    0   29   53   76    9   27   76    4    0   54   70   81    0   85   94    0
    5   29    0   85   36    0   62   17   37    0   31   89   99   83   63   79    1    1   45   68   82   39   25    0    0   53   85    0   82   13
    0    0   95   92   18    0   49   83   27   71   64    4   87   10   18    0   94   29   34   62   70   68   88   73   75    0   94   82    0   11
   54   99    0    0   61   48   19   90   40   60   27   24   67   92   71   96   18   16   69    0   77   88   75    0    5    0    0   13   11    0
