QBPP_HJ-_35_075_20_3
35 97 5353
1 47 10 23 38 12 45 17 45 48 8 23 33 24 47 42 7 8 44 45 29 37 29 28 25 8 47 28 43 6 49 7 1 15 49
     0   -98   -50   -67     0   -51   -93   -89    -8    -7    -8   -27   -22   -28    -3   -35     0     0   -12   -11     0   -21   -35   -68   -16   -64   -23     0   -50    -4     0   -60   -70   -63    -2
   -98     0   -43    -7   -19   -38   -98     0    -2   -58     0   -10   -92   -32     0   -95   -85     0   -93   -49   -58     0   -87   -91   -78     0   -11   -88     0     0   -65     0     0   -61   -34
   -50   -43     0   -68   -35   -35   -53     0   -42     0     0   -90   -35   -52     0   -82   -89   -43   -96     0    -2   -85   -76     0   -38    -4   -72   -61     0   -56     0   -58     0   -59   -19
   -67    -7   -68     0   -22     0   -81   -33   -64     0     0   -47   -50     0     0   -28   -81     0   -13   -61   -68   -80     0   -54   -28     0   -28     0     0   -90     0     0   -65   -93     0
     0   -19   -35   -22     0   -50   -78     0   -75     0    -9   -80   -27     0   -85   -70   -58   -17   -19   -15     0   -10     0   -24     0    -8   -57     0     0   -28   -81   -89   -79    -9   -78
   -51   -38   -35     0   -50     0   -74   -49   -69   -82   -28    -8   -64   -29   -23     0   -30     0     0    -2   -87     0     0   -11    -8     0   -67    -4   -23   -94   -90   -70   -70   -18   -37
   -93   -98   -53   -81   -78   -74     0   -43   -50   -28    -4     0     0   -71     0   -34     0   -66   -69   -34   -59   -11   -89   -11    -1    -9   -24   -29     0     0   -11   -68   -53   -18     0
   -89     0     0   -33     0   -49   -43     0     0   -10     0   -43   -58     0   -39    -6   -46   -41   -96   -32   -60   -69   -96   -46   -52  -100    -3     0   -81   -22   -75   -66   -38     0   -91
    -8    -2   -42   -64   -75   -69   -50     0     0     0     0     0   -48   -46     0   -66   -95   -35   -71   -78   -44   -13     0   -58     0     0   -38    -8   -22   -60    -2   -24   -12   -62     0
    -7   -58     0     0     0   -82   -28   -10     0     0     0     0     0     0   -10   -53   -60   -15   -43    -8     0     0   -91     0   -40     0   -43   -54   -58   -91     0   -26   -23   -96    -3
    -8     0     0     0    -9   -28    -4     0     0     0     0   -16    -7   -46   -74     0     0   -27   -81   -51    -8   -64   -94     0   -74   -60   -68   -79    -9   -66     0   -67   -18   -61   -38
   -27   -10   -90   -47   -80    -8     0   -43     0     0   -16     0   -15   -89     0   -82   -21     0     0   -75   -78   -86     0   -30   -78   -45    -5   -39   -83     0    -3   -71   -68   -30   -49
   -22   -92   -35   -50   -27   -64     0   -58   -48     0    -7   -15     0   -17   -12   -89   -11   -18     0   -95   -33   -73   -32    -8   -46   -72   -50   -31     0     0   -62   -64   -12   -54    -8
   -28   -32   -52     0     0   -29   -71     0   -46     0   -46   -89   -17     0     0     0   -70    -5   -67   -58     0   -65     0   -80   -88   -29   -11   -75   -45    -3   -19     0   -67     0   -90
    -3     0     0     0   -85   -23     0   -39     0   -10   -74     0   -12     0     0   -47   -47   -80   -19     0   -34   -90   -14    -2   -76   -90   -46   -11   -99   -41   -62   -61   -38    -9   -30
   -35   -95   -82   -28   -70     0   -34    -6   -66   -53     0   -82   -89     0   -47     0     0   -60     0     0     0     0   -43     0   -51   -63   -57   -23     0   -83   -32     0     0     0     0
     0   -85   -89   -81   -58   -30     0   -46   -95   -60     0   -21   -11   -70   -47     0     0   -38   -15   -54   -60   -24   -21    -3   -17   -71   -65    -5   -73   -13   -97   -58   -99   -44   -15
     0     0   -43     0   -17     0   -66   -41   -35   -15   -27     0   -18    -5   -80   -60   -38     0     0   -31   -52     0     0   -85    -3   -41   -23   -98     0   -59   -55   -82   -51   -84   -67
   -12   -93   -96   -13   -19     0   -69   -96   -71   -43   -81     0     0   -67   -19     0   -15     0     0   -53   -10   -92   -48   -30     0     0   -38   -11     0     0     0   -84   -56     0   -66
   -11   -49     0   -61   -15    -2   -34   -32   -78    -8   -51   -75   -95   -58     0     0   -54   -31   -53     0   -42   -65   -94   -79     0    -3   -56   -82   -71   -20     0     0     0   -53   -98
     0   -58    -2   -68     0   -87   -59   -60   -44     0    -8   -78   -33     0   -34     0   -60   -52   -10   -42     0   -17     0   -36   -21   -34     0     0   -82   -22     0   -33   -58   -90     0
   -21     0   -85   -80   -10     0   -11   -69   -13     0   -64   -86   -73   -65   -90     0   -24     0   -92   -65   -17     0     0     0   -60     0   -15     0     0   -85     0   -81     0   -93   -53
   -35   -87   -76     0     0     0   -89   -96     0   -91   -94     0   -32     0   -14   -43   -21     0   -48   -94     0     0     0     0    -9   -47   -33   -65   -41   -46   -75   -36     0   -15    -8
   -68   -91     0   -54   -24   -11   -11   -46   -58     0     0   -30    -8   -80    -2     0    -3   -85   -30   -79   -36     0     0     0   -19   -22   -82   -35  -100     0   -22   -37   -55     0   -61
   -16   -78   -38   -28     0    -8    -1   -52     0   -40   -74   -78   -46   -88   -76   -51   -17    -3     0     0   -21   -60    -9   -19     0     0   -74     0   -92   -53     0   -32   -60     0     0
   -64     0    -4     0    -8     0    -9  -100     0     0   -60   -45   -72   -29   -90   -63   -71   -41     0    -3   -34     0   -47   -22     0     0   -60     0     0     0   -28   -91   -64   -81   -40
   -23   -11   -72   -28   -57   -67   -24    -3   -38   -43   -68    -5   -50   -11   -46   -57   -65   -23   -38   -56     0   -15   -33   -82   -74   -60     0     0    -8   -94     0     0     0   -50     0
     0   -88   -61     0     0    -4   -29     0    -8   -54   -79   -39   -31   -75   -11   -23    -5   -98   -11   -82     0     0   -65   -35     0     0     0     0     0   -87   -47   -89   -34   -48   -53
   -50     0     0     0     0   -23     0   -81   -22   -58    -9   -83     0   -45   -99     0   -73     0     0   -71   -82     0   -41  -100   -92     0    -8     0     0   -18   -21   -98     0   -69     0
    -4     0   -56   -90   -28   -94     0   -22   -60   -91   -66     0     0    -3   -41   -83   -13   -59     0   -20   -22   -85   -46     0   -53     0   -94   -87   -18     0   -26   -45   -50     0     0
     0   -65     0     0   -81   -90   -11   -75    -2     0     0    -3   -62   -19   -62   -32   -97   -55     0     0     0     0   -75   -22     0   -28     0   -47   -21   -26     0   -19     0   -44     0
   -60     0   -58     0   -89   -70   -68   -66   -24   -26   -67   -71   -64     0   -61     0   -58   -82   -84     0   -33   -81   -36   -37   -32   -91     0   -89   -98   -45   -19     0   -98   -94     0
   -70     0     0   -65   -79   -70   -53   -38   -12   -23   -18   -68   -12   -67   -38     0   -99   -51   -56     0   -58     0     0   -55   -60   -64     0   -34     0   -50     0   -98     0   -19   -75
   -63   -61   -59   -93    -9   -18   -18     0   -62   -96   -61   -30   -54     0    -9     0   -44   -84     0   -53   -90   -93   -15     0     0   -81   -50   -48   -69     0   -44   -94   -19     0    -6
    -2   -34   -19     0   -78   -37     0   -91     0    -3   -38   -49    -8   -90   -30     0   -15   -67   -66   -98     0   -53    -8   -61     0   -40     0   -53     0     0     0     0   -75    -6     0
