QBPP_HJ-_45_050_06_3
45 378 120
37 31 14 30 6 18 49 30 24 10 31 15 25 46 16 8 3 47 22 8 44 34 4 15 34 12 47 35 2 19 10 30 31 15 49 31 19 49 33 4 40 29 2 40 35
    0  -96    0    0    0    0    0    0    0  -23    0  -24  -68   -4  -47    0  -85    0    0    0    0    0  -91    0    0  -82   -7  -15   -8    0    0  -20    0  -39  -54  -48  -97    0    0  -50    0  -42    0  -30    0
  -96    0  -48    0    0  -89  -30  -47  -32  -18  -58    0  -73  -69    0    0    0  -50    0    0    0    0    0    0    0    0    0    0  -98  -30    0    0  -45  -47  -18  -15    0  -56  -56    0    0  -87    0    0  -93
    0  -48    0    0    0    0    0  -16  -94    0    0    0    0  -79  -74    0   -2  -91    0  -34    0  -38  -73    0  -50    0  -74  -28    0    0    0    0    0  -88    0  -89   -3    0  -76    0  -12    0    0    0  -36
    0    0    0    0  -12    0    0  -95    0    0    0  -35  -79    0    0    0    0    0    0    0    0  -66    0    0    0    0    0    0  -28    0    0    0   -1    0    0  -45  -14  -69  -87  -46  -10  -83    0    0    0
    0    0    0  -12    0  -94  -41  -21    0  -47    0    0  -67  -79  -38    0  -95  -58  -21    0    0  -21    0   -8    0  -49    0    0  -65    0   -7   -9    0  -10  -14    0  -91  -29  -93  -16  -16  -61  -76    0  -68
    0  -89    0    0  -94    0    0  -94  -78    0  -79  -93    0    0    0  -69  -65   -5    0    0    0    0  -38    0  -58    0    0   -4  -22  -44    0   -5    0  -19    0    0  -60    0  -23    0    0    0  -97  -16  -51
    0  -30    0    0  -41    0    0   -2    0  -58  -57    0  -62    0  -34  -54  -11    0    0    0    0    0    0  -17  -24  -12    0  -96    0    0    0  -57  -83    0    0    0    0    0   -4  -10  -23  -85  -16  -22   -7
    0  -47  -16  -95  -21  -94   -2    0  -45    0    0  -71    0   -6  -13    0    0    0  -77    0    0  -55  -34  -70    0  -61    0  -74    0   -5  -32  -50    0    0  -22    0    0    0    0  -82    0    0    0    0  -26
    0  -32  -94    0    0  -78    0  -45    0    0    0  -82    0    0  -50    0  -42  -23    0   -6  -97    0    0  -78    0  -77  -54    0    0  -17    0    0    0  -12    0    0   -7  -87    0  -73    0    0  -18    0    0
  -23  -18    0    0  -47    0  -58    0    0    0  -76    0    0  -42    0  -85  -10    0    0    0    0   -2  -14    0    0    0    0    0    0  -10    0    0  -34    0  -21  -98  -47  -95  -54    0    0  -29    0  -88    0
    0  -58    0    0    0  -79  -57    0    0  -76    0  -54    0  -60  -11    0    0  -28    0    0    0    0    0    0    0    0    0    0  -16    0    0    0    0  -21  -51    0    0    0    0  -48    0    0    0  -31  -25
  -24    0    0  -35    0  -93    0  -71  -82    0  -54    0  -84  -71    0  -82  -92  -90   -2    0    0  -30    0    0  -14    0    0  -59  -19    0  -41  -60  -51  -54  -37    0    0  -98    0  -15    0  -54    0    0  -11
  -68  -73    0  -79  -67    0  -62    0    0    0    0  -84    0  -17    0    0  -96  -29    0  -31    0  -33    0  -14  -62  -56    0  -19    0    0    0    0  -81    0    0  -30  -79  -66    0  -20  -53  -17    0    0    0
   -4  -69  -79    0  -79    0    0   -6    0  -42  -60  -71  -17    0    0  -49    0    0  -21    0    0    0  -28    0  -83  -23  -52    0  -38    0    0  -50    0  -20    0    0    0  -52  -41  -22  -84    0    0  -90  -73
  -47    0  -74    0  -38    0  -34  -13  -50    0  -11    0    0    0    0    0  -89    0  -57  -83  -70    0   -7    0    0    0    0  -83  -52  -28    0   -9    0  -88  -55  -22    0    0    0  -88  -91  -71  -71  -21    0
    0    0    0    0    0  -69  -54    0    0  -85    0  -82    0  -49    0    0  -75    0    0  -36    0    0    0    0  -41    0    0    0    0  -16    0    0    0    0    0    0   -2  -22    0    0    0  -50    0  -96    0
  -85    0   -2    0  -95  -65  -11    0  -42  -10    0  -92  -96    0  -89  -75    0    0    0    0  -61  -78  -13    0    0    0  -11  -62  -77    0    0    0  -97   -4  -48    0  -57  -76    0  -21  -24  -86  -61  -49    0
    0  -50  -91    0  -58   -5    0    0  -23    0  -28  -90  -29    0    0    0    0    0    0  -41    0    0  -18    0    0    0    0    0  -89   -2  -61  -34  -46  -22    0  -87    0  -22    0  -36    0  -74    0    0  -46
    0    0    0    0  -21    0    0  -77    0    0    0   -2    0  -21  -57    0    0    0    0  -28  -99  -80  -94    0  -60  -11    0  -32  -79  -34    0  -40  -25  -27    0    0  -10    0  -37  -69    0  -50  -30  -50    0
    0    0  -34    0    0    0    0    0   -6    0    0    0  -31    0  -83  -36    0  -41  -28    0  -86  -88    0  -23  -19  -49    0  -33  -37  -29    0  -56  -26  -98  -45    0  -22  -67    0    0  -82  -79    0    0   -3
    0    0    0    0    0    0    0    0  -97    0    0    0    0    0  -70    0  -61    0  -99  -86    0   -4  -29    0  -53  -28  -85   -6    0    0  -53    0  -54    0    0    0  -94    0  -29  -37    0  -18    0    0    0
    0    0  -38  -66  -21    0    0  -55    0   -2    0  -30  -33    0    0    0  -78    0  -80  -88   -4    0  -98  -26    0  -11    0    0  -15    0  -61  -53  -44    0    0  -50   -9  -26  -31  -94    0  -29    0    0    0
  -91    0  -73    0    0  -38    0  -34    0  -14    0    0    0  -28   -7    0  -13  -18  -94    0  -29  -98    0    0  -24  -40    0  -10   -2  -76    0  -67  -79  -63    0  -33  -43  -99    0    0   -2    0   -8  -41    0
    0    0    0    0   -8    0  -17  -70  -78    0    0    0  -14    0    0    0    0    0    0  -23    0  -26    0    0    0    0    0   -2  -98  -98  -81    0  -53    0    0    0  -48    0  -83  -66  -50  -50    0    0    0
    0    0  -50    0    0  -58  -24    0    0    0    0  -14  -62  -83    0  -41    0    0  -60  -19  -53    0  -24    0    0  -33  -12  -51  -30  -64    0    0  -67  -73    0   -7    0    0    0    0  -12  -78    0  -25   -1
  -82    0    0    0  -49    0  -12  -61  -77    0    0    0  -56  -23    0    0    0    0  -11  -49  -28  -11  -40    0  -33    0  -80  -77  -15    0  -44  -14    0    0  -90  -59  -48    0  -90    0  -42    0  -58    0  -98
   -7    0  -74    0    0    0    0    0  -54    0    0    0    0  -52    0    0  -11    0    0    0  -85    0    0    0  -12  -80    0  -49  -28    0    0   -1  -92  -35  -57  -46    0  -34  -39    0    0    0    0    0  -64
  -15    0  -28    0    0   -4  -96  -74    0    0    0  -59  -19    0  -83    0  -62    0  -32  -33   -6    0  -10   -2  -51  -77  -49    0  -99    0  -10    0  -60   -9   -1  -17  -76  -39    0  -79  -92  -79  -56   -8  -51
   -8  -98    0  -28  -65  -22    0    0    0    0  -16  -19    0  -38  -52    0  -77  -89  -79  -37    0  -15   -2  -98  -30  -15  -28  -99    0   -1  -33  -26    0  -23    0   -1  -40  -19    0    0  -48  -63  -27    0    0
    0  -30    0    0    0  -44    0   -5  -17  -10    0    0    0    0  -28  -16    0   -2  -34  -29    0    0  -76  -98  -64    0    0    0   -1    0    0  -34  -35  -86    0  -73  -44  -16    0    0    0    0   -1    0    0
    0    0    0    0   -7    0    0  -32    0    0    0  -41    0    0    0    0    0  -61    0    0  -53  -61    0  -81    0  -44    0  -10  -33    0    0  -72    0  -58  -82  -42  -33    0    0  -19  -62    0    0  -84    0
  -20    0    0    0   -9   -5  -57  -50    0    0    0  -60    0  -50   -9    0    0  -34  -40  -56    0  -53  -67    0    0  -14   -1    0  -26  -34  -72    0    0  -49    0  -25  -10  -22  -40  -51   -5   -4    0  -67  -19
    0  -45    0   -1    0    0  -83    0    0  -34    0  -51  -81    0    0    0  -97  -46  -25  -26  -54  -44  -79  -53  -67    0  -92  -60    0  -35    0    0    0    0    0  -17  -21  -53  -46    0    0  -49  -98    0  -70
  -39  -47  -88    0  -10  -19    0    0  -12    0  -21  -54    0  -20  -88    0   -4  -22  -27  -98    0    0  -63    0  -73    0  -35   -9  -23  -86  -58  -49    0    0  -31    0  -84    0  -15   -2    0    0  -74  -88    0
  -54  -18    0    0  -14    0    0  -22    0  -21  -51  -37    0    0  -55    0  -48    0    0  -45    0    0    0    0    0  -90  -57   -1    0    0  -82    0    0  -31    0  -79  -44  -98  -71    0  -69  -17    0    0  -59
  -48  -15  -89  -45    0    0    0    0    0  -98    0    0  -30    0  -22    0    0  -87    0    0    0  -50  -33    0   -7  -59  -46  -17   -1  -73  -42  -25  -17    0  -79    0    0  -79   -7    0    0    0    0  -87    0
  -97    0   -3  -14  -91  -60    0    0   -7  -47    0    0  -79    0    0   -2  -57    0  -10  -22  -94   -9  -43  -48    0  -48    0  -76  -40  -44  -33  -10  -21  -84  -44    0    0  -59    0   -7    0  -14  -50    0  -78
    0  -56    0  -69  -29    0    0    0  -87  -95    0  -98  -66  -52    0  -22  -76  -22    0  -67    0  -26  -99    0    0    0  -34  -39  -19  -16    0  -22  -53    0  -98  -79  -59    0    0    0  -89  -43    0  -18    0
    0  -56  -76  -87  -93  -23   -4    0    0  -54    0    0    0  -41    0    0    0    0  -37    0  -29  -31    0  -83    0  -90  -39    0    0    0    0  -40  -46  -15  -71   -7    0    0    0  -68  -11  -33  -49    0  -64
  -50    0    0  -46  -16    0  -10  -82  -73    0  -48  -15  -20  -22  -88    0  -21  -36  -69    0  -37  -94    0  -66    0    0    0  -79    0    0  -19  -51    0   -2    0    0   -7    0  -68    0    0  -60    0    0    0
    0    0  -12  -10  -16    0  -23    0    0    0    0    0  -53  -84  -91    0  -24    0    0  -82    0    0   -2  -50  -12  -42    0  -92  -48    0  -62   -5    0    0  -69    0    0  -89  -11    0    0    0    0  -92    0
  -42  -87    0  -83  -61    0  -85    0    0  -29    0  -54  -17    0  -71  -50  -86  -74  -50  -79  -18  -29    0  -50  -78    0    0  -79  -63    0    0   -4  -49    0  -17    0  -14  -43  -33  -60    0    0  -61  -40    0
    0    0    0    0  -76  -97  -16    0  -18    0    0    0    0    0  -71    0  -61    0  -30    0    0    0   -8    0    0  -58    0  -56  -27   -1    0    0  -98  -74    0    0  -50    0  -49    0    0  -61    0   -9  -81
  -30    0    0    0    0  -16  -22    0    0  -88  -31    0    0  -90  -21  -96  -49    0  -50    0    0    0  -41    0  -25    0    0   -8    0    0  -84  -67    0  -88    0  -87    0  -18    0    0  -92  -40   -9    0    0
    0  -93  -36    0  -68  -51   -7  -26    0    0  -25  -11    0  -73    0    0    0  -46    0   -3    0    0    0    0   -1  -98  -64  -51    0    0    0  -19  -70    0  -59    0  -78    0  -64    0    0    0  -81    0    0
