QBPP_HJ-_25_075_06_5
25 219 179
8 39 39 9 24 6 6 3 42 10 41 21 41 35 48 25 49 16 42 47 21 9 19 28 28
     0  -100   -93     0   -72     0     0     0     0   -71   -81   -78   -74   -24   -52     0  -100   -28   -30     0   -50     0   -64   -99     0
  -100     0    -5   -36   -15   -82   -90     0     0   -65   -76   -92   -30     0   -27   -65     0     0   -65   -78     0   -52   -24   -74   -84
   -93    -5     0     0   -76   -96   -73     0   -86   -42     0   -50   -85   -84   -46   -92   -99   -18   -93     0   -86   -87   -27    -7   -16
     0   -36     0     0   -99   -31     0    -3   -97     0     0   -64   -84   -56     0     0   -21   -75     0   -25   -39   -21   -34   -47   -21
   -72   -15   -76   -99     0    -4    -9   -17     0   -12     0   -43   -21     0   -18     0   -13   -68   -26   -13   -96   -50   -57   -31   -88
     0   -82   -96   -31    -4     0   -23     0   -76     0   -59   -68   -31   -44   -14   -10   -59  -100   -97   -43   -76   -92   -50    -2   -81
     0   -90   -73     0    -9   -23     0   -80     0   -76   -42   -57     0   -91   -72   -87     0     0     0     0    -7   -50   -51     0   -58
     0     0     0    -3   -17     0   -80     0   -38     0   -26   -41   -29    -2   -21   -34     0   -94   -19   -42   -59     0   -96   -44   -14
     0     0   -86   -97     0   -76     0   -38     0     0     0     0     0     0    -9     0   -57     0   -12     0   -85     0   -82   -80   -36
   -71   -65   -42     0   -12     0   -76     0     0     0    -1     0   -79   -82     0   -14   -58   -60    -4     0     0     0   -31   -51     0
   -81   -76     0     0     0   -59   -42   -26     0    -1     0    -1     0     0   -90   -87   -84   -38   -78     0   -54   -50   -84     0   -50
   -78   -92   -50   -64   -43   -68   -57   -41     0     0    -1     0   -62    -6   -50     0   -64   -39   -29   -96     0   -50    -9   -80   -67
   -74   -30   -85   -84   -21   -31     0   -29     0   -79     0   -62     0   -37   -97  -100   -69   -84   -78     0   -75   -27     0   -14   -41
   -24     0   -84   -56     0   -44   -91    -2     0   -82     0    -6   -37     0   -64     0   -46   -25     0   -26   -94  -100   -67   -57   -96
   -52   -27   -46     0   -18   -14   -72   -21    -9     0   -90   -50   -97   -64     0   -72   -99     0   -77   -96   -79   -28     0   -23   -32
     0   -65   -92     0     0   -10   -87   -34     0   -14   -87     0  -100     0   -72     0     0    -4     0   -37     0   -56   -91   -88     0
  -100     0   -99   -21   -13   -59     0     0   -57   -58   -84   -64   -69   -46   -99     0     0   -42     0    -9     0    -5     0     0    -2
   -28     0   -18   -75   -68  -100     0   -94     0   -60   -38   -39   -84   -25     0    -4   -42     0   -20     0   -25     0   -53   -80    -5
   -30   -65   -93     0   -26   -97     0   -19   -12    -4   -78   -29   -78     0   -77     0     0   -20     0     0   -47   -21   -90     0   -36
     0   -78     0   -25   -13   -43     0   -42     0     0     0   -96     0   -26   -96   -37    -9     0     0     0   -28   -90   -64   -46   -95
   -50     0   -86   -39   -96   -76    -7   -59   -85     0   -54     0   -75   -94   -79     0     0   -25   -47   -28     0   -53     0   -14     0
     0   -52   -87   -21   -50   -92   -50     0     0     0   -50   -50   -27  -100   -28   -56    -5     0   -21   -90   -53     0   -18   -27   -82
   -64   -24   -27   -34   -57   -50   -51   -96   -82   -31   -84    -9     0   -67     0   -91     0   -53   -90   -64     0   -18     0   -22   -58
   -99   -74    -7   -47   -31    -2     0   -44   -80   -51     0   -80   -14   -57   -23   -88     0   -80     0   -46   -14   -27   -22     0   -77
     0   -84   -16   -21   -88   -81   -58   -14   -36     0   -50   -67   -41   -96   -32     0    -2    -5   -36   -95     0   -82   -58   -77     0
