QBPP_HJ+_30_075_20_3
30 83 5290
37 49 38 10 9 18 45 3 20 18 24 40 48 36 37 18 24 35 17 25 33 1 4 31 17 38 19 42 49 37
    0   16   61    0   98   72   42   31    8   51   92   89    0   19   37    0   85   93   91   30   68   63   16    0   76    0   42   89   65    0
   16    0    0   16    0   66   11   23    0   78   25    0   40   87    0    0    3    0    0   50   54    0   86    0    0   28   61   87   70    0
   61    0    0   92   47   34    0   25    0   52   38   57    0   93   29   71    0   43   39    8   78   75    0   89    0   15   17   47   15   54
    0   16   92    0   15    0    0   97   34   94   98   94    2   80    0    0   20   22   47   70   42   34    0   72    0   67   51    0    0    0
   98    0   47   15    0   66   31   14   77    0   93   25    0    7   78   41    0    0   84   34   78    0   22    0   23   53   14    0    5   46
   72   66   34    0   66    0   61   43    0    0   64    1   70   95    0    0   10   64   87   40    0   60   59    0   66    0    0    0   27   15
   42   11    0    0   31   61    0    0   96    0   99    0   54    0   42   61   11    0   45   56    1   13    0   54    0   52    0    0    0    8
   31   23   25   97   14   43    0    0    0    7    0    0    0   30   26   42   87   16   58    0   89   75   62   41   92    2   83   35   72   11
    8    0    0   34   77    0   96    0    0   15   49   25   17   80   13    0   53   46   71   46   86   93   54   64   57   59   38   80    0   70
   51   78   52   94    0    0    0    7   15    0   88    0   13    0    4   45    0   72    0    0    7   77   72   98   21   28   51    0   55    0
   92   25   38   98   93   64   99    0   49   88    0   74   80   93   35    0   47   19   20   39   30   78   14    0    0   63    0   10   80   20
   89    0   57   94   25    1    0    0   25    0   74    0    0   57    0   92   87   21   43    0   54    0   54    0    0    2   85    3    0   45
    0   40    0    2    0   70   54    0   17   13   80    0    0   58    0   32   81    0   96   77    8   23   36   68    0    7   88    0   66   59
   19   87   93   80    7   95    0   30   80    0   93   57   58    0   23    6    0   14    0   51   46    0   46   96    5   63   75   29    6   47
   37    0   29    0   78    0   42   26   13    4   35    0    0   23    0   51    0   68   38   19   18   35   42   92    0   13    0   53    8    0
    0    0   71    0   41    0   61   42    0   45    0   92   32    6   51    0   21    0    0    0   32   30   83    8   99   81   73   62   89   60
   85    3    0   20    0   10   11   87   53    0   47   87   81    0    0   21    0    0   93    0   19    0    0    0   81   64   21    3   48   72
   93    0   43   22    0   64    0   16   46   72   19   21    0   14   68    0    0    0   40   90   77   18   77    0   42    0   20    0   45  100
   91    0   39   47   84   87   45   58   71    0   20   43   96    0   38    0   93   40    0    0   81   46    5   67    0   95    0   97   53    0
   30   50    8   70   34   40   56    0   46    0   39    0   77   51   19    0    0   90    0    0   21   25   33    0   14   94   67   74   20   82
   68   54   78   42   78    0    1   89   86    7   30   54    8   46   18   32   19   77   81   21    0   38    0   77   48   10   93    8   39   59
   63    0   75   34    0   60   13   75   93   77   78    0   23    0   35   30    0   18   46   25   38    0   78    0   71    0    0   89   94   26
   16   86    0    0   22   59    0   62   54   72   14   54   36   46   42   83    0   77    5   33    0   78    0    0   52   44    6   94   58    0
    0    0   89   72    0    0   54   41   64   98    0    0   68   96   92    8    0    0   67    0   77    0    0    0   39   64    0    0   43   81
   76    0    0    0   23   66    0   92   57   21    0    0    0    5    0   99   81   42    0   14   48   71   52   39    0    0   84   65   17   67
    0   28   15   67   53    0   52    2   59   28   63    2    7   63   13   81   64    0   95   94   10    0   44   64    0    0    0    0   65   59
   42   61   17   51   14    0    0   83   38   51    0   85   88   75    0   73   21   20    0   67   93    0    6    0   84    0    0   21   98   53
   89   87   47    0    0    0    0   35   80    0   10    3    0   29   53   62    3    0   97   74    8   89   94    0   65    0   21    0   68   56
   65   70   15    0    5   27    0   72    0   55   80    0   66    6    8   89   48   45   53   20   39   94   58   43   17   65   98   68    0    0
    0    0   54    0   46   15    8   11   70    0   20   45   59   47    0   60   72  100    0   82   59   26    0   81   67   59   53   56    0    0
