QBPP_HJ+_35_075_06_5
35 283 178
29 29 33 1 26 50 24 6 43 40 6 2 34 36 12 26 3 2 44 16 45 28 11 16 28 18 25 23 29 40 31 36 3 41 11
    0   89   18   15   97    0   22    0   76   49   23   81    0   94   36   60    9    0   91    0    0   28    1   74   30    0   56    9   11   77   40   17   93   88   18
   89    0    0    0   50   49    6   15   64   66    0    0   98    0   30    0   97   15   10    0   70    2    0    0    0    0   42   56   37    0   62   85    0   12    1
   18    0    0   51   78   14   45    0    0   76    0    0   13   47   10   48  100   93   65   35    5   77    0   25    0   28   30   35    0    0    0    0   65   94   85
   15    0   51    0   88    0   40    0    0   46    0    0   11    0   60   83   20   79   55   51   39   30   74   70    0   26   56   94    0    0    2   46   35   71   21
   97   50   78   88    0   55   88   88    0    0    0    8    0   86   22   47   64    0   76    0    6   53   15   85   36    0   27    0   31    0    0    0   29    7   74
    0   49   14    0   55    0   58   53    2   79   34   21    0    0   75    3    1    0    0   13   55    0   38    4   14   18   17   88   28   89   75    6    7   22   34
   22    6   45   40   88   58    0    0   17    0   37   77    0    4   90    0   49   14    0   81    0   60   17    9   34   87    0    0   48    6   28   60   50   63   84
    0   15    0    0   88   53    0    0   52    0    9   70    0   54   89   87   22   83    0    0   76    0   27   51    0   72   25   76   25   20   66    0    0   45   71
   76   64    0    0    0    2   17   52    0    0   93   12   68   16    0    0   57   55    0   91   14   17    0    0   13   83    0   42   76    3   17   59    0   40    0
   49   66   76   46    0   79    0    0    0    0    7    0   47   89   37   17    0    0    0   80    0   55   18   44   18   66   27   76    0    0   76   63    0   54  100
   23    0    0    0    0   34   37    9   93    7    0   96   89    0   73    0    0   38   14   67   94   55   77   40    0    0  100   74   58   81   15   91   60   20   19
   81    0    0    0    8   21   77   70   12    0   96    0    0    0   57    1   72   63   65   15   99   29   91    0   43    0    0   94    0    0    9   41    0   92   70
    0   98   13   11    0    0    0    0   68   47   89    0    0    1    0    3   79   10    0    1   56    0   79    0    0   83   37    0    2   26    0   66   25   98   24
   94    0   47    0   86    0    4   54   16   89    0    0    1    0   32   25   29   33   46   66   53   48   40   19   78   62   83   27    0   88   23   92   46   53   44
   36   30   10   60   22   75   90   89    0   37   73   57    0   32    0   40   50   74   17    0   61   29   70   29   76   77   68    0   64   54   41   88    0   80   61
   60    0   48   83   47    3    0   87    0   17    0    1    3   25   40    0    0   65   38    0   42   76   82    0   69   47   66   98    0  100    1   77    0   52    2
    9   97  100   20   64    1   49   22   57    0    0   72   79   29   50    0    0    7   90    0    0   80    0    0    0    0   69    2  100   99   21   55   33    5    0
    0   15   93   79    0    0   14   83   55    0   38   63   10   33   74   65    7    0    0   46   65   60   63    0   67   62    0   77   57   28    0   34   64   73   14
   91   10   65   55   76    0    0    0    0    0   14   65    0   46   17   38   90    0    0   16    4   15   88   10    0    0    7   25   82   25   87   10   84   66   11
    0    0   35   51    0   13   81    0   91   80   67   15    1   66    0    0    0   46   16    0   30   30   74   62   36   53   46   40   26   74   48   62   41   78    0
    0   70    5   39    6   55    0   76   14    0   94   99   56   53   61   42    0   65    4   30    0    0   56   76   92  100   17   97    0    0   67   69   95   80   12
   28    2   77   30   53    0   60    0   17   55   55   29    0   48   29   76   80   60   15   30    0    0   36   70    0   87   49   21   94   25   62    0   96   71    0
    1    0    0   74   15   38   17   27    0   18   77   91   79   40   70   82    0   63   88   74   56   36    0   11   51   17   77   51   24   25    0   92   64   33   30
   74    0   25   70   85    4    9   51    0   44   40    0    0   19   29    0    0    0   10   62   76   70   11    0   76   50   47    0   40    4   83   87   84   17   30
   30    0    0    0   36   14   34    0   13   18    0   43    0   78   76   69    0   67    0   36   92    0   51   76    0   19   55    0    3    0    0    0   66   82    0
    0    0   28   26    0   18   87   72   83   66    0    0   83   62   77   47    0   62    0   53  100   87   17   50   19    0   64    2   27   20    0   69   37   83   67
   56   42   30   56   27   17    0   25    0   27  100    0   37   83   68   66   69    0    7   46   17   49   77   47   55   64    0   64   99   18    0    0   53   92   96
    9   56   35   94    0   88    0   76   42   76   74   94    0   27    0   98    2   77   25   40   97   21   51    0    0    2   64    0    0   10   20   92   16    0   67
   11   37    0    0   31   28   48   25   76    0   58    0    2    0   64    0  100   57   82   26    0   94   24   40    3   27   99    0    0   11    0   97   21   76   12
   77    0    0    0    0   89    6   20    3    0   81    0   26   88   54  100   99   28   25   74    0   25   25    4    0   20   18   10   11    0   27   88   15    5   12
   40   62    0    2    0   75   28   66   17   76   15    9    0   23   41    1   21    0   87   48   67   62    0   83    0    0    0   20    0   27    0    0    0    5   15
   17   85    0   46    0    6   60    0   59   63   91   41   66   92   88   77   55   34   10   62   69    0   92   87    0   69    0   92   97   88    0    0   82   89   54
   93    0   65   35   29    7   50    0    0    0   60    0   25   46    0    0   33   64   84   41   95   96   64   84   66   37   53   16   21   15    0   82    0   81   27
   88   12   94   71    7   22   63   45   40   54   20   92   98   53   80   52    5   73   66   78   80   71   33   17   82   83   92    0   76    5    5   89   81    0    0
   18    1   85   21   74   34   84   71    0  100   19   70   24   44   61    2    0   14   11    0   12    0   30   30    0   67   96   67   12   12   15   54   27    0    0
