QBPP_HJ*_25_050_10_1
25 115 27
20 39 4 25 44 4 26 31 21 1 43 46 16 11 48 15 16 39 41 15 28 13 18 3 6
    0   20   12   26    0   12  -31   17  -27    0  -17    0    0  -33   -2    5   43   10    0   49  -45   21    0   50    0
   20    0   42    0    0    0  -43    0   30  -32  -15    0  -47    0    0   -5    0    0  -41   -1   -9   40   19    0   21
   12   42    0  -28  -20  -13  -23    0    0    0    0   10  -40    0    0    0    0    0    0    0    0  -26    0  -35   48
   26    0  -28    0  -28   27   24    0    0    0  -30  -45   47  -40    0   -3  -49    0   14    1    0    0   22  -34    0
    0    0  -20  -28    0   24    0    0    0    9  -44  -44    0   11   25    0   27  -29  -24  -32  -50   16   22    1    0
   12    0  -13   27   24    0   10    0    0  -35   49  -18   10    0  -43   38   35    0    0   -4    0    0    0    0   25
  -31  -43  -23   24    0   10    0    0  -42   20   21    0    0   47    0   29   21    0    0    0    0    0   14    0    0
   17    0    0    0    0    0    0    0    0  -32  -13    0   45   36    0    0    0   10    0    0    0   31    0    0  -11
  -27   30    0    0    0    0  -42    0    0  -19  -49  -21    0  -45    0    0  -23  -39    0    0  -28   47    2    0    0
    0  -32    0    0    9  -35   20  -32  -19    0    5    0   38  -30    0  -23   23    0  -25  -16    0   22   21    0    0
  -17  -15    0  -30  -44   49   21  -13  -49    5    0   33    0    0    0    0    0    0    0  -25    0   49  -27    0    0
    0    0   10  -45  -44  -18    0    0  -21    0   33    0    0   23    0    0    0    0   26  -33    0   -2  -44   -1   10
    0  -47  -40   47    0   10    0   45    0   38    0    0    0    0   40  -13    8  -41  -19  -18  -49  -10    0  -29    0
  -33    0    0  -40   11    0   47   36  -45  -30    0   23    0    0    0    0    0    0   -1    0  -10   13    0    0    0
   -2    0    0    0   25  -43    0    0    0    0    0    0   40    0    0  -12   50  -22    0    1   -4    7    0    0   12
    5   -5    0   -3    0   38   29    0    0  -23    0    0  -13    0  -12    0    0   -6    0  -17  -34    0   10    0    0
   43    0    0  -49   27   35   21    0  -23   23    0    0    8    0   50    0    0  -18   24    0    8    0  -26    0   36
   10    0    0    0  -29    0    0   10  -39    0    0    0  -41    0  -22   -6  -18    0  -35  -23  -36    0    0    0    0
    0  -41    0   14  -24    0    0    0    0  -25    0   26  -19   -1    0    0   24  -35    0   -6    0    1    0    0    0
   49   -1    0    1  -32   -4    0    0    0  -16  -25  -33  -18    0    1  -17    0  -23   -6    0    5    0   27  -50  -19
  -45   -9    0    0  -50    0    0    0  -28    0    0    0  -49  -10   -4  -34    8  -36    0    5    0    0   13  -25    0
   21   40  -26    0   16    0    0   31   47   22   49   -2  -10   13    7    0    0    0    1    0    0    0    0    0  -26
    0   19    0   22   22    0   14    0    2   21  -27  -44    0    0    0   10  -26    0    0   27   13    0    0    0   50
   50    0  -35  -34    1    0    0    0    0    0    0   -1  -29    0    0    0    0    0    0  -50  -25    0    0    0    0
    0   21   48    0    0   25    0  -11    0    0    0   10    0    0   12    0   36    0    0  -19    0  -26   50    0    0
