QBPP_HJ-_35_075_10_4
35 202 820
48 16 1 7 21 40 38 48 11 11 24 47 24 23 50 34 24 21 14 47 43 10 12 46 31 33 43 32 3 24 49 41 40 45 7
     0   -78    -6   -21     0   -56   -48   -84   -25     0   -40    -7   -84     0     0     0     0   -20   -51     0   -75     0   -36     0   -51   -45   -66   -17   -65   -91   -29   -30     0   -51   -32
   -78     0   -90   -96   -25     0   -94   -24   -41   -64   -50     0   -96     0   -35     0   -45   -71   -43   -65   -79   -29     0     0   -56   -74     0   -13   -73     0   -99    -3    -3   -57   -13
    -6   -90     0   -23   -97   -26   -84   -47    -5   -21   -86   -51   -21     0     0   -63   -22     0   -21   -64     0   -34    -7    -4   -18   -34   -55   -81     0   -71   -32   -32   -20    -2   -64
   -21   -96   -23     0   -16   -69   -87   -36   -51     0   -91     0   -47   -78     0   -95    -1   -55   -90   -15     0   -96   -84    -5   -57   -99   -96     0   -34   -11   -76     0   -32     0   -94
     0   -25   -97   -16     0     0     0   -19   -29   -59   -51   -50     0   -40   -99   -30     0   -12   -68   -90   -68   -69   -93   -49     0   -56   -70     0   -24   -34     0   -19   -80     0   -20
   -56     0   -26   -69     0     0   -65     0   -93    -9   -24     0   -48     0     0   -59   -70   -75   -81   -80   -16     0   -10     0   -73   -25    -4    -2     0   -25   -64     0   -48   -35     0
   -48   -94   -84   -87     0   -65     0   -85   -89     0   -22   -51   -61   -98   -27   -81   -14   -19   -65   -53   -29     0    -4   -62   -25     0     0   -19     0     0   -65   -79   -76   -19   -14
   -84   -24   -47   -36   -19     0   -85     0   -50    -9   -64   -38   -37     0   -68   -89   -78   -49     0   -89   -54   -64     0     0   -38   -12   -37    -5   -81     0   -61   -95     0   -40     0
   -25   -41    -5   -51   -29   -93   -89   -50     0   -26   -11    -6   -78     0   -88   -63     0   -34   -21   -93     0     0   -61   -90     0   -64     0     0     0   -78     0   -82   -77   -78     0
     0   -64   -21     0   -59    -9     0    -9   -26     0   -97   -77   -89   -72     0   -85   -52     0     0     0   -96   -87   -26     0   -12   -19     0   -71     0     0   -12   -43   -55   -18   -59
   -40   -50   -86   -91   -51   -24   -22   -64   -11   -97     0   -11     0   -19   -74   -93   -56   -92   -10     0   -75   -62   -86   -93   -51   -90     0   -35     0   -13   -72     0   -23   -56   -22
    -7     0   -51     0   -50     0   -51   -38    -6   -77   -11     0     0   -17   -21   -89   -79   -21    -8   -46   -67     0   -12    -5    -6   -86   -37   -14   -13   -69   -37     0   -22   -51   -73
   -84   -96   -21   -47     0   -48   -61   -37   -78   -89     0     0     0     0   -21   -51   -90   -96   -97   -53    -4   -89   -23   -51   -34   -10   -48   -51   -91     0   -25     0   -13     0     0
     0     0     0   -78   -40     0   -98     0     0   -72   -19   -17     0     0     0     0   -55     0  -100     0   -59     0     0     0   -53   -12   -74     0   -54   -68   -58   -41     0   -98   -75
     0   -35     0     0   -99     0   -27   -68   -88     0   -74   -21   -21     0     0   -78   -72   -52   -65   -15     0   -64     0     0   -67   -97   -20     0   -53   -61   -89   -94   -31   -69    -3
     0     0   -63   -95   -30   -59   -81   -89   -63   -85   -93   -89   -51     0   -78     0     0    -6     0   -81    -1   -86   -57   -94   -88    -8     0     0    -2   -19   -30     0   -34     0     0
     0   -45   -22    -1     0   -70   -14   -78     0   -52   -56   -79   -90   -55   -72     0     0     0   -76   -72     0   -97   -79   -44   -74     0   -19   -41   -40   -83   -32  -100    -4   -60   -52
   -20   -71     0   -55   -12   -75   -19   -49   -34     0   -92   -21   -96     0   -52    -6     0     0   -30   -47    -7    -1     0   -47     0    -7     0   -89   -54     0   -67     0     0     0     0
   -51   -43   -21   -90   -68   -81   -65     0   -21     0   -10    -8   -97  -100   -65     0   -76   -30     0   -39   -88   -97   -69   -58   -39   -75     0   -62   -26   -44   -95   -22   -67   -60     0
     0   -65   -64   -15   -90   -80   -53   -89   -93     0     0   -46   -53     0   -15   -81   -72   -47   -39     0     0     0   -46   -77     0     0     0     0   -32   -31    -8   -45   -67   -96   -38
   -75   -79     0     0   -68   -16   -29   -54     0   -96   -75   -67    -4   -59     0    -1     0    -7   -88     0     0   -32   -39   -61   -47  -100   -18   -91   -31   -49     0    -2     0     0   -24
     0   -29   -34   -96   -69     0     0   -64     0   -87   -62     0   -89     0   -64   -86   -97    -1   -97     0   -32     0   -50   -24   -15   -18   -87     0   -25     0     0   -28   -71   -91   -14
   -36     0    -7   -84   -93   -10    -4     0   -61   -26   -86   -12   -23     0     0   -57   -79     0   -69   -46   -39   -50     0   -34   -11     0   -49   -18   -17    -3   -62     0   -12     0   -75
     0     0    -4    -5   -49     0   -62     0   -90     0   -93    -5   -51     0     0   -94   -44   -47   -58   -77   -61   -24   -34     0   -23   -43     0   -98   -77   -23   -65   -92   -86     0   -42
   -51   -56   -18   -57     0   -73   -25   -38     0   -12   -51    -6   -34   -53   -67   -88   -74     0   -39     0   -47   -15   -11   -23     0   -69   -18   -81   -47   -58   -97     0   -25   -88   -88
   -45   -74   -34   -99   -56   -25     0   -12   -64   -19   -90   -86   -10   -12   -97    -8     0    -7   -75     0  -100   -18     0   -43   -69     0   -38   -43   -95   -23   -47   -78     0   -63   -12
   -66     0   -55   -96   -70    -4     0   -37     0     0     0   -37   -48   -74   -20     0   -19     0     0     0   -18   -87   -49     0   -18   -38     0   -64   -38  -100   -37   -58   -91   -87   -74
   -17   -13   -81     0     0    -2   -19    -5     0   -71   -35   -14   -51     0     0     0   -41   -89   -62     0   -91     0   -18   -98   -81   -43   -64     0   -91   -87   -38   -75   -60   -40   -95
   -65   -73     0   -34   -24     0     0   -81     0     0     0   -13   -91   -54   -53    -2   -40   -54   -26   -32   -31   -25   -17   -77   -47   -95   -38   -91     0     0   -16   -52  -100   -50   -58
   -91     0   -71   -11   -34   -25     0     0   -78     0   -13   -69     0   -68   -61   -19   -83     0   -44   -31   -49     0    -3   -23   -58   -23  -100   -87     0     0   -60   -43   -84   -89   -60
   -29   -99   -32   -76     0   -64   -65   -61     0   -12   -72   -37   -25   -58   -89   -30   -32   -67   -95    -8     0     0   -62   -65   -97   -47   -37   -38   -16   -60     0   -12     0     0   -77
   -30    -3   -32     0   -19     0   -79   -95   -82   -43     0     0     0   -41   -94     0  -100     0   -22   -45    -2   -28     0   -92     0   -78   -58   -75   -52   -43   -12     0   -37     0   -94
     0    -3   -20   -32   -80   -48   -76     0   -77   -55   -23   -22   -13     0   -31   -34    -4     0   -67   -67     0   -71   -12   -86   -25     0   -91   -60  -100   -84     0   -37     0     0     0
   -51   -57    -2     0     0   -35   -19   -40   -78   -18   -56   -51     0   -98   -69     0   -60     0   -60   -96     0   -91     0     0   -88   -63   -87   -40   -50   -89     0     0     0     0     0
   -32   -13   -64   -94   -20     0   -14     0     0   -59   -22   -73     0   -75    -3     0   -52     0     0   -38   -24   -14   -75   -42   -88   -12   -74   -95   -58   -60   -77   -94     0     0     0
