QBPP_HJ-_30_050_06_4
30 272 124
2 31 47 40 44 2 26 19 39 45 27 32 50 28 22 43 7 50 9 31 20 37 2 33 19 5 36 22 12 35
     0   -46   -26     0     0   -96     0     0     0     0   -13   -90     0   -28   -18   -64   -19     0     0   -17     0     0   -74   -76   -35     0     0   -55     0     0
   -46     0   -52    -8     0   -65   -58   -57   -29   -18     0   -24   -51   -33     0   -67     0    -6     0     0   -88     0   -63    -3   -60    -2   -34   -88     0     0
   -26   -52     0   -71     0   -11    -5     0   -24     0   -69     0   -97   -31   -13     0   -72   -60     0   -59     0   -89     0   -72   -21   -68   -57     0   -64     0
     0    -8   -71     0     0   -56     0   -92   -33    -6     0   -65     0     0   -21   -99   -69   -12     0     0     0    -5   -34     0     0   -78   -42     0   -24   -60
     0     0     0     0     0     0     0     0   -59     0   -65     0   -85   -87     0     0     0   -18   -16     0   -55   -20   -28    -3     0   -86   -21    -3     0   -39
   -96   -65   -11   -56     0     0   -20   -93   -90     0     0     0   -29   -26     0   -44   -23     0   -56   -75     0   -24   -86     0     0   -83   -29   -31   -79   -20
     0   -58    -5     0     0   -20     0   -77     0   -80    -2   -65  -100   -74   -36     0     0   -91    -6     0     0     0    -6     0   -57     0     0     0   -84     0
     0   -57     0   -92     0   -93   -77     0   -60     0     0     0     0   -21   -15   -69   -46   -72     0     0     0     0   -91     0     0     0     0     0   -60   -31
     0   -29   -24   -33   -59   -90     0   -60     0   -55     0     0   -76   -31   -40     0     0     0     0   -90   -71   -29     0     0    -7     0     0   -92     0   -65
     0   -18     0    -6     0     0   -80     0   -55     0     0     0     0   -41     0     0     0     0   -20   -28     0   -35     0     0     0     0   -63    -6     0     0
   -13     0   -69     0   -65     0    -2     0     0     0     0     0     0     0   -64   -65     0   -59   -38     0   -12     0     0   -37     0     0     0   -96   -70     0
   -90   -24     0   -65     0     0   -65     0     0     0     0     0     0     0   -11    -4     0     0   -87     0     0   -41     0   -60     0    -5     0   -20     0   -92
     0   -51   -97     0   -85   -29  -100     0   -76     0     0     0     0     0     0   -66   -72     0  -100     0     0   -59   -78     0   -71     0   -87   -74   -94     0
   -28   -33   -31     0   -87   -26   -74   -21   -31   -41     0     0     0     0   -51     0   -47   -37   -64     0     0     0    -6   -89     0   -64     0   -97   -69   -92
   -18     0   -13   -21     0     0   -36   -15   -40     0   -64   -11     0   -51     0   -16     0   -11     0     0     0   -81     0     0   -31   -99     0     0   -99     0
   -64   -67     0   -99     0   -44     0   -69     0     0   -65    -4   -66     0   -16     0     0     0     0   -71     0     0   -42   -20     0    -6   -61   -27     0   -26
   -19     0   -72   -69     0   -23     0   -46     0     0     0     0   -72   -47     0     0     0     0   -38   -75     0     0     0     0     0     0   -37     0     0   -21
     0    -6   -60   -12   -18     0   -91   -72     0     0   -59     0     0   -37   -11     0     0     0   -50   -31   -75   -75   -65     0     0   -85   -56     0   -92     0
     0     0     0     0   -16   -56    -6     0     0   -20   -38   -87  -100   -64     0     0   -38   -50     0     0   -83   -61   -83   -32   -45  -100   -33     0     0     0
   -17     0   -59     0     0   -75     0     0   -90   -28     0     0     0     0     0   -71   -75   -31     0     0     0   -33   -54   -75     0     0   -90     0     0  -100
     0   -88     0     0   -55     0     0     0   -71     0   -12     0     0     0     0     0     0   -75   -83     0     0     0   -61     0   -14     0   -58     0     0     0
     0     0   -89    -5   -20   -24     0     0   -29   -35     0   -41   -59     0   -81     0     0   -75   -61   -33     0     0   -13     0     0     0   -33   -92   -69   -11
   -74   -63     0   -34   -28   -86    -6   -91     0     0     0     0   -78    -6     0   -42     0   -65   -83   -54   -61   -13     0   -34     0     0   -70     0     0     0
   -76    -3   -72     0    -3     0     0     0     0     0   -37   -60     0   -89     0   -20     0     0   -32   -75     0     0   -34     0     0    -3     0     0   -15     0
   -35   -60   -21     0     0     0   -57     0    -7     0     0     0   -71     0   -31     0     0     0   -45     0   -14     0     0     0     0   -19     0   -40   -60   -93
     0    -2   -68   -78   -86   -83     0     0     0     0     0    -5     0   -64   -99    -6     0   -85  -100     0     0     0     0    -3   -19     0     0     0     0     0
     0   -34   -57   -42   -21   -29     0     0     0   -63     0     0   -87     0     0   -61   -37   -56   -33   -90   -58   -33   -70     0     0     0     0   -47     0     0
   -55   -88     0     0    -3   -31     0     0   -92    -6   -96   -20   -74   -97     0   -27     0     0     0     0     0   -92     0     0   -40     0   -47     0   -86     0
     0     0   -64   -24     0   -79   -84   -60     0     0   -70     0   -94   -69   -99     0     0   -92     0     0     0   -69     0   -15   -60     0     0   -86     0     0
     0     0     0   -60   -39   -20     0   -31   -65     0     0   -92     0   -92     0   -26   -21     0     0  -100     0   -11     0     0   -93     0     0     0     0     0
