QBPP_HJ-_25_050_20_2
25 62 3572
7 23 44 45 37 6 44 46 15 21 4 25 48 7 1 6 48 29 34 35 19 44 6 18 3
     0   -10   -95   -35   -51     0   -96   -96   -80     0   -59     0     0     0   -50     0     0     0     0   -38   -17   -89     0   -84     0
   -10     0   -74     0   -90     0     0     0   -15     0   -30   -59     0     0     0     0     0   -97   -38   -24   -31   -51   -76     0     0
   -95   -74     0   -53   -97     0   -68     0   -13   -63   -47     0   -45   -74   -10   -19   -72   -64     0     0   -42     0     0   -48     0
   -35     0   -53     0   -78    -4   -17     0   -35   -80  -100   -46     0     0   -49    -3   -32    -9     0     0   -13     0   -70     0     0
   -51   -90   -97   -78     0     0   -35   -39     0     0   -21     0     0     0     0     0     0     0     0   -15   -26     0     0   -12   -52
     0     0     0    -4     0     0   -82   -71   -76     0   -77   -42   -99     0   -61     0   -72   -28     0     0     0   -74   -78   -72     0
   -96     0   -68   -17   -35   -82     0   -94     0   -45   -33   -17     0     0   -27   -41   -95     0     0   -47   -50     0   -77     0   -69
   -96     0     0     0   -39   -71   -94     0   -28     0     0     0     0   -24   -55     0     0     0     0     0   -89   -31     0   -78     0
   -80   -15   -13   -35     0   -76     0   -28     0     0   -41    -8   -82   -12   -27     0     0   -77     0     0     0     0     0   -85   -36
     0     0   -63   -80     0     0   -45     0     0     0     0   -91   -75     0   -90     0     0   -75     0     0     0     0   -72     0     0
   -59   -30   -47  -100   -21   -77   -33     0   -41     0     0     0   -28   -14   -49     0     0     0     0     0     0     0     0     0    -1
     0   -59     0   -46     0   -42   -17     0    -8   -91     0     0   -82     0     0     0   -41   -22   -95     0   -75   -94   -40   -79     0
     0     0   -45     0     0   -99     0     0   -82   -75   -28   -82     0   -69   -87     0     0   -76   -84   -86   -38     0    -4   -13   -60
     0     0   -74     0     0     0     0   -24   -12     0   -14     0   -69     0    -1    -3     0     0   -14     0   -50     0   -49     0     0
   -50     0   -10   -49     0   -61   -27   -55   -27   -90   -49     0   -87    -1     0   -55   -65     0     0     0     0     0     0     0     0
     0     0   -19    -3     0     0   -41     0     0     0     0     0     0    -3   -55     0   -67     0     0     0   -41     0     0     0     0
     0     0   -72   -32     0   -72   -95     0     0     0     0   -41     0     0   -65   -67     0    -7     0    -9     0     0   -86   -68     0
     0   -97   -64    -9     0   -28     0     0   -77   -75     0   -22   -76     0     0     0    -7     0     0   -70   -97   -40   -46     0   -42
     0   -38     0     0     0     0     0     0     0     0     0   -95   -84   -14     0     0     0     0     0     0     0   -62     0    -2     0
   -38   -24     0     0   -15     0   -47     0     0     0     0     0   -86     0     0     0    -9   -70     0     0     0   -60   -80     0     0
   -17   -31   -42   -13   -26     0   -50   -89     0     0     0   -75   -38   -50     0   -41     0   -97     0     0     0     0   -85     0     0
   -89   -51     0     0     0   -74     0   -31     0     0     0   -94     0     0     0     0     0   -40   -62   -60     0     0     0     0   -58
     0   -76     0   -70     0   -78   -77     0     0   -72     0   -40    -4   -49     0     0   -86   -46     0   -80   -85     0     0   -91   -88
   -84     0   -48     0   -12   -72     0   -78   -85     0     0   -79   -13     0     0     0   -68     0    -2     0     0     0   -91     0     0
     0     0     0     0   -52     0   -69     0   -36     0    -1     0   -60     0     0     0     0   -42     0     0     0   -58   -88     0     0
