QBPP_HJ+_25_075_06_2
25 225 172
10 6 45 39 46 38 49 24 11 27 21 21 24 24 37 31 1 36 43 13 26 48 39 13 3
    0    3   95    0   38    0   82    9   32   33    4   13    6   41   62   93   91    0   60    0    0   42    8   81   43
    3    0   87   20   87    0    0    0   49   49   72   65   38    0   20   52   84    6   88   33    4   63   65   38   11
   95   87    0   18   77   17   92    2   13   88   54   50   89    0   27   27   34   19    0   79    0   80   69   44   25
    0   20   18    0    3   16   73   47   69   41   52    0   49    0   19   82    0   78   98    0   76    0   39    0    9
   38   87   77    3    0   38   37   35   99    7   93   67   29   56    0   64    0   33   27   30    0   52   76   69   83
    0    0   17   16   38    0   90    0    0   44    0    0   98    0   14   44    6   10    0    6    0   31   64   74   49
   82    0   92   73   37   90    0   41   34   54   17    0    0    0    0    0    0   58   55   61    0  100    0   93   56
    9    0    2   47   35    0   41    0   38   85   72   73   89   81    0   69    0   44   95   23   92   26    0   68    0
   32   49   13   69   99    0   34   38    0   64   63    0   26    9   14    0    0   28    3    0   66   60   83    0   32
   33   49   88   41    7   44   54   85   64    0    0    0   71   31    8    0   70   45   14   21   90   19    0   18    0
    4   72   54   52   93    0   17   72   63    0    0   38    0    0    0   87   78    0   77    0    0    0   38   18   25
   13   65   50    0   67    0    0   73    0    0   38    0    0    3   98   13   78   65   27    0    0  100   80   85    0
    6   38   89   49   29   98    0   89   26   71    0    0    0    0   88   83    0    3    0   45    0   95   20    0   61
   41    0    0    0   56    0    0   81    9   31    0    3    0    0    0   66   86   31    0   90   46   91    0   35    0
   62   20   27   19    0   14    0    0   14    8    0   98   88    0    0   87   15   48   42    0   84   45   71    0   95
   93   52   27   82   64   44    0   69    0    0   87   13   83   66   87    0   77   68   13   81   24    0    0    0    0
   91   84   34    0    0    6    0    0    0   70   78   78    0   86   15   77    0   61   20   97    3   71   25   87   69
    0    6   19   78   33   10   58   44   28   45    0   65    3   31   48   68   61    0   12   91   95   87   51    0   84
   60   88    0   98   27    0   55   95    3   14   77   27    0    0   42   13   20   12    0   56   59   13    0    0    0
    0   33   79    0   30    6   61   23    0   21    0    0   45   90    0   81   97   91   56    0   73   22  100   67    0
    0    4    0   76    0    0    0   92   66   90    0    0    0   46   84   24    3   95   59   73    0   16    0    0   12
   42   63   80    0   52   31  100   26   60   19    0  100   95   91   45    0   71   87   13   22   16    0   81   76    0
    8   65   69   39   76   64    0    0   83    0   38   80   20    0   71    0   25   51    0  100    0   81    0    0   49
   81   38   44    0   69   74   93   68    0   18   18   85    0   35    0    0   87    0    0   67    0   76    0    0   19
   43   11   25    9   83   49   56    0   32    0   25    0   61    0   95    0   69   84    0    0   12    0   49   19    0
