QBPP_HJ-_35_050_06_3
35 278 126
36 40 37 26 6 19 21 10 4 3 34 35 6 9 40 23 13 13 6 48 27 8 12 21 33 10 4 25 48 44 31 27 28 42 44
     0   -60   -72     0   -78   -82   -51     0     0     0     0     0   -57    -6     0   -47   -80     0     0     0   -47     0     0   -91     0   -73   -49     0   -63   -98     0    -2     0   -17     0
   -60     0    -7     0     0     0     0   -74    -4   -43     0   -54   -84     0     0     0     0   -24     0   -54   -29   -76     0   -31     0     0     0    -5   -33   -53     0     0   -37     0   -13
   -72    -7     0     0   -31     0    -7   -62   -25   -50   -56     0     0     0     0     0     0   -18     0     0   -24    -2     0     0     0   -18   -97     0    -3     0     0     0   -88     0     0
     0     0     0     0   -45   -97     0   -80     0     0     0     0     0   -93   -32    -2     0     0    -4     0     0     0     0   -28     0     0     0   -85     0     0   -76   -45   -64     0     0
   -78     0   -31   -45     0   -23   -46     0     0   -96   -96   -72   -48   -85   -60   -20   -78     0   -28   -60   -40   -39     0   -43   -89   -18   -41   -57   -13   -56   -86     0     0     0     0
   -82     0     0   -97   -23     0     0   -92    -6     0     0   -69  -100   -57     0     0     0   -20     0   -43   -37    -1     0   -31   -93   -12   -64   -66     0   -43   -12   -29   -11   -80     0
   -51     0    -7     0   -46     0     0   -76   -42   -57   -44   -39     0   -77     0   -53     0     0   -36   -34     0   -30   -37     0     0  -100     0   -38   -51     0     0     0   -18  -100     0
     0   -74   -62   -80     0   -92   -76     0   -60   -34     0   -68     0   -60     0     0   -49   -83     0   -93   -74     0    -6     0     0   -82     0     0   -15     0  -100     0     0     0    -4
     0    -4   -25     0     0    -6   -42   -60     0     0     0     0     0   -88   -53     0   -25     0   -60    -3   -91     0     0   -93     0   -83   -21   -10     0   -22   -57   -14    -6     0     0
     0   -43   -50     0   -96     0   -57   -34     0     0     0   -72   -50   -45    -5   -60   -15     0   -18     0     0     0     0     0     0     0   -50   -76     0     0   -58   -68     0  -100    -5
     0     0   -56     0   -96     0   -44     0     0     0     0     0   -43     0   -38   -64     0   -11   -18     0   -73   -48    -2   -62     0   -40   -70   -30     0     0     0     0   -83     0     0
     0   -54     0     0   -72   -69   -39   -68     0   -72     0     0   -88     0   -82     0   -90   -83   -27   -18     0   -48     0   -44     0   -47   -43     0     0     0     0     0     0   -27     0
   -57   -84     0     0   -48  -100     0     0     0   -50   -43   -88     0   -61   -87   -52     0     0     0   -62     0     0     0     0    -7   -43   -28     0   -56   -62     0     0   -27   -72   -59
    -6     0     0   -93   -85   -57   -77   -60   -88   -45     0     0   -61     0   -60   -86     0     0     0   -83     0     0     0     0   -43     0     0     0     0     0     0     0   -93     0     0
     0     0     0   -32   -60     0     0     0   -53    -5   -38   -82   -87   -60     0   -28   -40     0     0   -51     0   -96   -52    -2   -20   -45     0   -63   -32   -17   -34     0    -4   -24     0
   -47     0     0    -2   -20     0   -53     0     0   -60   -64     0   -52   -86   -28     0   -29   -52   -77     0     0   -82   -72     0   -59     0     0     0   -37   -52     0   -11   -97     0   -79
   -80     0     0     0   -78     0     0   -49   -25   -15     0   -90     0     0   -40   -29     0   -43     0   -52     0   -70     0     0     0   -95     0   -95   -39     0   -54   -35     0   -48   -44
     0   -24   -18     0     0   -20     0   -83     0     0   -11   -83     0     0     0   -52   -43     0     0     0   -16     0   -55   -28     0   -14   -68     0     0     0   -72   -98   -85     0     0
     0     0     0    -4   -28     0   -36     0   -60   -18   -18   -27     0     0     0   -77     0     0     0   -95   -87   -17     0     0     0   -52     0     0     0   -70     0   -61     0   -44   -93
     0   -54     0     0   -60   -43   -34   -93    -3     0     0   -18   -62   -83   -51     0   -52     0   -95     0   -16   -63     0     0   -49     0    -3   -94   -63   -44     0     0     0   -54   -71
   -47   -29   -24     0   -40   -37     0   -74   -91     0   -73     0     0     0     0     0     0   -16   -87   -16     0     0   -98   -85   -52   -97   -48    -5   -87     0   -99     0   -92   -96     0
     0   -76    -2     0   -39    -1   -30     0     0     0   -48   -48     0     0   -96   -82   -70     0   -17   -63     0     0     0   -59   -76     0   -38     0   -49   -73   -51     0   -98   -62     0
     0     0     0     0     0     0   -37    -6     0     0    -2     0     0     0   -52   -72     0   -55     0     0   -98     0     0     0   -54     0     0     0    -9   -18   -18     0     0     0     0
   -91   -31     0   -28   -43   -31     0     0   -93     0   -62   -44     0     0    -2     0     0   -28     0     0   -85   -59     0     0     0     0   -71     0     0     0     0   -38     0     0   -64
     0     0     0     0   -89   -93     0     0     0     0     0     0    -7   -43   -20   -59     0     0     0   -49   -52   -76   -54     0     0   -65   -50     0     0     0   -15   -47     0   -30     0
   -73     0   -18     0   -18   -12  -100   -82   -83     0   -40   -47   -43     0   -45     0   -95   -14   -52     0   -97     0     0     0   -65     0   -57     0   -11   -53     0     0     0     0     0
   -49     0   -97     0   -41   -64     0     0   -21   -50   -70   -43   -28     0     0     0     0   -68     0    -3   -48   -38     0   -71   -50   -57     0     0   -51     0     0     0   -17     0  -100
     0    -5     0   -85   -57   -66   -38     0   -10   -76   -30     0     0     0   -63     0   -95     0     0   -94    -5     0     0     0     0     0     0     0     0   -67     0   -38     0     0   -99
   -63   -33    -3     0   -13     0   -51   -15     0     0     0     0   -56     0   -32   -37   -39     0     0   -63   -87   -49    -9     0     0   -11   -51     0     0     0     0     0     0   -26   -67
   -98   -53     0     0   -56   -43     0     0   -22     0     0     0   -62     0   -17   -52     0     0   -70   -44     0   -73   -18     0     0   -53     0   -67     0     0     0     0   -21     0   -45
     0     0     0   -76   -86   -12     0  -100   -57   -58     0     0     0     0   -34     0   -54   -72     0     0   -99   -51   -18     0   -15     0     0     0     0     0     0   -93     0     0     0
    -2     0     0   -45     0   -29     0     0   -14   -68     0     0     0     0     0   -11   -35   -98   -61     0     0     0     0   -38   -47     0     0   -38     0     0   -93     0     0     0   -19
     0   -37   -88   -64     0   -11   -18     0    -6     0   -83     0   -27   -93    -4   -97     0   -85     0     0   -92   -98     0     0     0     0   -17     0     0   -21     0     0     0   -52     0
   -17     0     0     0     0   -80  -100     0     0  -100     0   -27   -72     0   -24     0   -48     0   -44   -54   -96   -62     0     0   -30     0     0     0   -26     0     0     0   -52     0     0
     0   -13     0     0     0     0     0    -4     0    -5     0     0   -59     0     0   -79   -44     0   -93   -71     0     0     0   -64     0     0  -100   -99   -67   -45     0   -19     0     0     0
