QBPP_HJ-_35_075_20_1
35 91 5822
34 48 10 16 31 12 7 43 31 26 23 1 5 31 5 39 4 48 37 9 34 47 24 28 7 40 13 20 2 10 49 42 47 43 43
     0   -57   -98     0   -49   -12   -11   -85   -86   -56   -45   -51   -73   -43   -24   -67     0   -73   -91   -88    -8   -49     0   -34   -85     0   -52     0   -29     0    -4   -43     0   -85   -48
   -57     0     0   -68   -33   -43   -84     0   -23     0   -10    -2   -65     0     0    -7   -33   -35    -8   -26     0     0   -94   -46   -84     0   -46   -65    -5     0   -14   -69   -39     0   -92
   -98     0     0   -32   -91     0   -56   -48   -27   -10   -31     0     0   -50   -18   -19    -5     0    -7    -9   -64     0   -44     0    -4     0   -79     0   -19   -86   -47     0     0   -82     0
     0   -68   -32     0     0   -99   -70     0   -15     0   -16     0   -41   -58   -99   -94   -62     0   -73     0     0   -71     0     0   -25   -81   -54   -61   -86   -95   -74   -79   -64   -73   -96
   -49   -33   -91     0     0   -93   -63   -10   -63     0     0   -15     0   -99   -37   -48   -19   -38   -29   -86   -42   -64   -44   -74     0   -92     0   -23    -8   -28     0   -54    -5   -25   -81
   -12   -43     0   -99   -93     0    -2   -91   -60   -54   -43     0   -15     0   -69     0     0   -23   -72   -33   -60   -95   -92   -60   -46   -69   -96   -14   -71    -6   -55   -84   -19   -52     0
   -11   -84   -56   -70   -63    -2     0    -2   -31     0   -41   -70     0   -71    -4     0   -26     0   -72   -36   -18   -51   -88   -26     0     0   -54   -20   -51     0   -93     0   -19     0   -11
   -85     0   -48     0   -10   -91    -2     0   -62    -7     0   -50   -29   -30   -14   -56   -54   -67   -88     0     0   -84     0     0   -32   -29   -65   -41   -32   -45     0    -3   -22   -63   -80
   -86   -23   -27   -15   -63   -60   -31   -62     0   -47     0   -71   -10   -87     0     0   -87   -69   -65   -41     0   -49     0   -89   -20   -73   -18   -97   -16   -44   -26    -9   -51   -58     0
   -56     0   -10     0     0   -54     0    -7   -47     0    -5   -46   -84    -7   -23   -10   -41   -48   -89     0   -19     0   -69     0   -91   -96   -98   -42   -91   -61     0    -8   -77     0   -10
   -45   -10   -31   -16     0   -43   -41     0     0    -5     0   -92   -77     0     0   -56   -64     0   -74   -13   -35   -89   -74     0   -42   -17     0    -8    -1     0   -44     0     0    -3   -95
   -51    -2     0     0   -15     0   -70   -50   -71   -46   -92     0   -95   -52   -48     0     0   -98   -70     0   -17   -76   -66   -15   -18   -40   -97   -30     0     0   -65   -81   -79   -74   -65
   -73   -65     0   -41     0   -15     0   -29   -10   -84   -77   -95     0   -21     0   -53   -39   -61     0   -95     0   -10   -83   -17   -55   -23     0   -44   -34   -24   -11   -42     0   -56   -51
   -43     0   -50   -58   -99     0   -71   -30   -87    -7     0   -52   -21     0     0     0     0   -71   -38   -99     0   -21   -98   -55   -10   -84     0   -70     0   -28   -86    -6    -3   -51   -39
   -24     0   -18   -99   -37   -69    -4   -14     0   -23     0   -48     0     0     0   -65    -9   -37   -85   -87   -73    -7    -2     0   -56   -64   -27     0     0   -30     0   -60    -5   -58   -68
   -67    -7   -19   -94   -48     0     0   -56     0   -10   -56     0   -53     0   -65     0   -49   -91   -33   -29    -5   -31   -88    -8   -30     0   -54   -75     0   -38  -100   -62     0     0   -90
     0   -33    -5   -62   -19     0   -26   -54   -87   -41   -64     0   -39     0    -9   -49     0   -59     0   -88   -87   -87   -10     0   -23     0   -26   -81     0     0   -41   -19     0    -2     0
   -73   -35     0     0   -38   -23     0   -67   -69   -48     0   -98   -61   -71   -37   -91   -59     0   -51  -100   -48   -99   -16   -35   -73   -80   -79     0   -26     0     0   -14     0   -67   -87
   -91    -8    -7   -73   -29   -72   -72   -88   -65   -89   -74   -70     0   -38   -85   -33     0   -51     0     0   -61   -85   -83   -17    -9   -99     0   -75    -1    -4     0     0   -26   -84   -36
   -88   -26    -9     0   -86   -33   -36     0   -41     0   -13     0   -95   -99   -87   -29   -88  -100     0     0    -7   -98   -66    -7     0   -84   -86   -47   -72   -16   -95   -41   -91   -62     0
    -8     0   -64     0   -42   -60   -18     0     0   -19   -35   -17     0     0   -73    -5   -87   -48   -61    -7     0   -90   -84   -26   -91   -93     0   -18   -95   -38   -36     0     0   -55   -10
   -49     0     0   -71   -64   -95   -51   -84   -49     0   -89   -76   -10   -21    -7   -31   -87   -99   -85   -98   -90     0   -47   -72   -45   -87   -25   -22   -95    -3    -7   -39   -78     0   -93
     0   -94   -44     0   -44   -92   -88     0     0   -69   -74   -66   -83   -98    -2   -88   -10   -16   -83   -66   -84   -47     0     0     0    -4   -18    -8   -31   -77     0   -47     0   -83   -71
   -34   -46     0     0   -74   -60   -26     0   -89     0     0   -15   -17   -55     0    -8     0   -35   -17    -7   -26   -72     0     0   -90   -76     0   -96   -40   -49   -48     0   -69   -63   -99
   -85   -84    -4   -25     0   -46     0   -32   -20   -91   -42   -18   -55   -10   -56   -30   -23   -73    -9     0   -91   -45     0   -90     0     0   -49     0   -91    -6   -69   -85   -28   -29   -58
     0     0     0   -81   -92   -69     0   -29   -73   -96   -17   -40   -23   -84   -64     0     0   -80   -99   -84   -93   -87    -4   -76     0     0   -90     0   -53   -86   -95   -21   -64   -36     0
   -52   -46   -79   -54     0   -96   -54   -65   -18   -98     0   -97     0     0   -27   -54   -26   -79     0   -86     0   -25   -18     0   -49   -90     0   -56     0   -39    -1   -66   -45   -16    -4
     0   -65     0   -61   -23   -14   -20   -41   -97   -42    -8   -30   -44   -70     0   -75   -81     0   -75   -47   -18   -22    -8   -96     0     0   -56     0     0  -100   -81     0   -64   -28    -5
   -29    -5   -19   -86    -8   -71   -51   -32   -16   -91    -1     0   -34     0     0     0     0   -26    -1   -72   -95   -95   -31   -40   -91   -53     0     0     0     0   -64     0   -15     0     0
     0     0   -86   -95   -28    -6     0   -45   -44   -61     0     0   -24   -28   -30   -38     0     0    -4   -16   -38    -3   -77   -49    -6   -86   -39  -100     0     0   -63   -49   -81   -51    -2
    -4   -14   -47   -74     0   -55   -93     0   -26     0   -44   -65   -11   -86     0  -100   -41     0     0   -95   -36    -7     0   -48   -69   -95    -1   -81   -64   -63     0   -83   -43   -38   -92
   -43   -69     0   -79   -54   -84     0    -3    -9    -8     0   -81   -42    -6   -60   -62   -19   -14     0   -41     0   -39   -47     0   -85   -21   -66     0     0   -49   -83     0   -99    -4   -47
     0   -39     0   -64    -5   -19   -19   -22   -51   -77     0   -79     0    -3    -5     0     0     0   -26   -91     0   -78     0   -69   -28   -64   -45   -64   -15   -81   -43   -99     0   -64   -79
   -85     0   -82   -73   -25   -52     0   -63   -58     0    -3   -74   -56   -51   -58     0    -2   -67   -84   -62   -55     0   -83   -63   -29   -36   -16   -28     0   -51   -38    -4   -64     0     0
   -48   -92     0   -96   -81     0   -11   -80     0   -10   -95   -65   -51   -39   -68   -90     0   -87   -36     0   -10   -93   -71   -99   -58     0    -4    -5     0    -2   -92   -47   -79     0     0
