QBPP_HJ*_25_075_20_5
25 69 432
49 21 44 22 3 21 29 35 39 2 40 34 38 50 39 19 31 40 8 41 17 8 4 50 5
    0    0   43   36   -4   31   -8  -37  -50  -24  -18   20   10  -41   39   35    0    0  -50   48    0    0    0  -25   -6
    0    0    1    7   15    0  -33   18   42    0  -19   49  -30    0  -37   42    0   41    0   -5   30   42   28   24  -28
   43    1    0   37   14   11    0   25  -41   -2   -7   49   21   -6   34  -39  -21   13  -13  -26   43   -9   -1  -23  -36
   36    7   37    0   13   49   36  -23    0    0   47   15    0   38  -33  -41  -27   18    0  -21   44   -5    6  -28    8
   -4   15   14   13    0  -16  -28  -48    0  -38    6  -34    7   43   15    7    0   -2    0  -37    0    0   -4   30   31
   31    0   11   49  -16    0   42  -32  -48   23    0    0    0    0    0   48    0   33  -22   35    0    0   36   22    0
   -8  -33    0   36  -28   42    0   47    0   50   -6    0   15  -33    0    0   49    0    5   13   30    0  -21    0    0
  -37   18   25  -23  -48  -32   47    0    7   45  -10  -44    0   20    0    9   27   20  -45   15   25    0   29    0   -4
  -50   42  -41    0    0  -48    0    7    0    0  -40   38  -24  -45    0    0  -49   23   25   41    0  -11  -48  -37  -28
  -24    0   -2    0  -38   23   50   45    0    0  -34    0    0   41   12    1    0   -8   -6   27   13    8    9  -45  -40
  -18  -19   -7   47    6    0   -6  -10  -40  -34    0   43   36    7  -21   -4   10   -4    0    0   41   13  -43   30   46
   20   49   49   15  -34    0    0  -44   38    0   43    0  -47    0   44  -26    0  -32   40    0  -15    0   32    8  -39
   10  -30   21    0    7    0   15    0  -24    0   36  -47    0   50  -42  -31   26   31  -33   48   24    0   24    6    0
  -41    0   -6   38   43    0  -33   20  -45   41    7    0   50    0  -50    0   41    0    0   50   36  -24   -8  -37   43
   39  -37   34  -33   15    0    0    0    0   12  -21   44  -42  -50    0    0  -12    0   47  -28   -4    0   21   16  -14
   35   42  -39  -41    7   48    0    9    0    1   -4  -26  -31    0    0    0   31    0    1   42   -2   -2   33  -37  -23
    0    0  -21  -27    0    0   49   27  -49    0   10    0   26   41  -12   31    0   29   -2  -42   49  -13    2    0   43
    0   41   13   18   -2   33    0   20   23   -8   -4  -32   31    0    0    0   29    0  -31  -27    0  -40   47  -48   15
  -50    0  -13    0    0  -22    5  -45   25   -6    0   40  -33    0   47    1   -2  -31    0   45    0  -36   21   40   40
   48   -5  -26  -21  -37   35   13   15   41   27    0    0   48   50  -28   42  -42  -27   45    0   35   -8  -37  -33   32
    0   30   43   44    0    0   30   25    0   13   41  -15   24   36   -4   -2   49    0    0   35    0   -2   35   16    0
    0   42   -9   -5    0    0    0    0  -11    8   13    0    0  -24    0   -2  -13  -40  -36   -8   -2    0   44    0    0
    0   28   -1    6   -4   36  -21   29  -48    9  -43   32   24   -8   21   33    2   47   21  -37   35   44    0    1    5
  -25   24  -23  -28   30   22    0    0  -37  -45   30    8    6  -37   16  -37    0  -48   40  -33   16    0    1    0  -17
   -6  -28  -36    8   31    0    0   -4  -28  -40   46  -39    0   43  -14  -23   43   15   40   32    0    0    5  -17    0
