QBPP_HJ+_35_075_20_4
35 92 6007
41 7 9 40 7 9 14 15 44 32 29 11 35 48 7 12 36 47 46 24 5 47 37 32 40 42 17 38 2 34 21 10 49 10 20
    0   42   74   18   40   30    0   17    0   72   28    4   63   64   37   26    8   47   36    0   81   71    5   61    0    0    0   52   49    5   64    0   71    0    0
   42    0   97   50   67   23  100    0   56   74   62   92   58    0   42   63    0   18   73    0   62    0   72    5    9   19   66   26   87   75   46   91    1    0   70
   74   97    0   37    9   87   52   80   43   69   17   20   85   71   60   36   63   40   75    0   80   86    0   58   65   26   29   65   34   11    5    0   98    0   29
   18   50   37    0   69    8   83   28   95   36   10   87    0   35   11   59   33   68    0    0   49    0    0    2   66   19   21    0   96    0    0  100   36   25   44
   40   67    9   69    0    0   50   96    0   17   54    0   31   62   38    5    2    0    0   86   82   85   26   74    0    0    0   75   76   52   42   22    0   28   68
   30   23   87    8    0    0    0    0   25   28   53   66   23   69   93    0   92   10   72   10   41   92    0   52   66   78   55   26    0   84   42   86   41    9   23
    0  100   52   83   50    0    0   29   91    0    0   82    0    0    6   24   94   33   93   96   14   71    6    0   90   89    0   85    0    0   86    0   62    0   23
   17    0   80   28   96    0   29    0    2   81    0   21    0   72   37   58   75   71    1   16   77   27    0   17   21   31    8   28   77    0   80    0   24    0   13
    0   56   43   95    0   25   91    2    0   16    9   19   29   44    0   14   38    0   66   34   49    0    0    0    0   19   70   89   77    0   42   16   70   30   31
   72   74   69   36   17   28    0   81   16    0   18    0   83    0   72   65   91   74   72   85    0   99   70   46   53    0    0   87   15   31   93    0   85   92   40
   28   62   17   10   54   53    0    0    9   18    0   54    0   99    0   87   22    0   67   24   46   90   27  100   78   67   18   70    6   88   98   13   99   99   30
    4   92   20   87    0   66   82   21   19    0   54    0   83    0   76   30   77   39   11    0    0   43   56   45   36   61   35    0    0   57   96   94   66   46    0
   63   58   85    0   31   23    0    0   29   83    0   83    0   31   60    0   39   13   46   38   69   95    3   25   51   85   62    0    5   68   54    9    0   72    4
   64    0   71   35   62   69    0   72   44    0   99    0   31    0    8    0   87   36   70   93   52   66   16    0    0   85   98   69   46   35   15   80    0   52    0
   37   42   60   11   38   93    6   37    0   72    0   76   60    8    0    0   68    0   21   18   89   49   98    5   31   20    0   74   93   71    7   27    0   70    0
   26   63   36   59    5    0   24   58   14   65   87   30    0    0    0    0   72   15   83   65   28   91    0   60   32    0   77   43   73   40   21    0   68   57   58
    8    0   63   33    2   92   94   75   38   91   22   77   39   87   68   72    0   96   57   19   11    0   50   61   69    0   73   11   51   24   28   56    0    0   62
   47   18   40   68    0   10   33   71    0   74    0   39   13   36    0   15   96    0   11    0   47    1    0    0   11   21    0   60   80   53   76   70    0   14   52
   36   73   75    0    0   72   93    1   66   72   67   11   46   70   21   83   57   11    0   37   53   19   20   65   21   99    0    0   33    0   62   47   46   95    0
    0    0    0    0   86   10   96   16   34   85   24    0   38   93   18   65   19    0   37    0   58   47   50   37    0    0    4    0   87   69   72   82   34   61   97
   81   62   80   49   82   41   14   77   49    0   46    0   69   52   89   28   11   47   53   58    0    0  100    5   41   93    0   57    6   15   86   89    0    0   73
   71    0   86    0   85   92   71   27    0   99   90   43   95   66   49   91    0    1   19   47    0    0   98   92    3    0    0   13   20    0    0   73   79   39   51
    5   72    0    0   26    0    6    0    0   70   27   56    3   16   98    0   50    0   20   50  100   98    0    4   12   58   50   34    0   59   54   83   14   14    0
   61    5   58    2   74   52    0   17    0   46  100   45   25    0    5   60   61    0   65   37    5   92    4    0    0   44   74   38   77    0   34    0   93   71   83
    0    9   65   66    0   66   90   21    0   53   78   36   51    0   31   32   69   11   21    0   41    3   12    0    0   75   72   22   39   14   57   10   52   99   16
    0   19   26   19    0   78   89   31   19    0   67   61   85   85   20    0    0   21   99    0   93    0   58   44   75    0   98   79   16    0   74    0   85   92   62
    0   66   29   21    0   55    0    8   70    0   18   35   62   98    0   77   73    0    0    4    0    0   50   74   72   98    0   80   12    3    0   80   18   86   99
   52   26   65    0   75   26   85   28   89   87   70    0    0   69   74   43   11   60    0    0   57   13   34   38   22   79   80    0   27   39   95    8    0   82    0
   49   87   34   96   76    0    0   77   77   15    6    0    5   46   93   73   51   80   33   87    6   20    0   77   39   16   12   27    0    0   47   61    2    0    0
    5   75   11    0   52   84    0    0    0   31   88   57   68   35   71   40   24   53    0   69   15    0   59    0   14    0    3   39    0    0   15    0   64   75   48
   64   46    5    0   42   42   86   80   42   93   98   96   54   15    7   21   28   76   62   72   86    0   54   34   57   74    0   95   47   15    0   91   91   42   13
    0   91    0  100   22   86    0    0   16    0   13   94    9   80   27    0   56   70   47   82   89   73   83    0   10    0   80    8   61    0   91    0   65    0    0
   71    1   98   36    0   41   62   24   70   85   99   66    0    0    0   68    0    0   46   34    0   79   14   93   52   85   18    0    2   64   91   65    0   95   25
    0    0    0   25   28    9    0    0   30   92   99   46   72   52   70   57    0   14   95   61    0   39   14   71   99   92   86   82    0   75   42    0   95    0   13
    0   70   29   44   68   23   23   13   31   40   30    0    4    0    0   58   62   52    0   97   73   51    0   83   16   62   99    0    0   48   13    0   25   13    0
