QBPP_HJ-_25_050_10_5
25 125 536
8 14 31 41 45 31 7 31 41 18 40 8 21 50 21 18 31 19 2 48 22 26 5 27 16
     0     0     0     0   -31     0     0     0   -50     0     0     0     0     0     0   -37   -80   -77   -22   -92     0   -21     0     0     0
     0     0     0   -61   -59   -19     0   -18     0     0   -69     0     0     0     0     0   -37     0     0     0   -50     0   -36     0     0
     0     0     0   -86   -20     0     0     0   -76     0     0     0   -58   -49     0     0   -19   -22     0   -81     0   -11   -43   -10     0
     0   -61   -86     0   -45   -11     0   -79     0   -25   -15     0     0   -96     0   -55   -72   -43     0     0   -91     0     0     0     0
   -31   -59   -20   -45     0    -7     0     0     0   -69     0     0   -40   -25     0   -18     0   -39   -48     0   -33     0     0     0   -86
     0   -19     0   -11    -7     0     0     0   -94     0     0   -48     0     0   -57   -24     0   -77   -13   -91     0   -39     0   -79   -95
     0     0     0     0     0     0     0   -81   -24   -47   -97     0   -89     0     0     0   -46     0     0     0   -50     0     0   -94   -93
     0   -18     0   -79     0     0   -81     0   -56   -73    -3   -47   -67   -16    -1   -49     0     0     0     0   -94    -9   -36   -21     0
   -50     0   -76     0     0   -94   -24   -56     0   -97     0    -3     0     0   -81     0     0   -48     0   -51   -30   -92   -97   -56     0
     0     0     0   -25   -69     0   -47   -73   -97     0     0   -18   -66   -79     0     0     0   -55   -12   -45     0   -51   -21     0     0
     0   -69     0   -15     0     0   -97    -3     0     0     0     0     0     0     0     0   -75   -41     0   -30     0   -62     0   -71   -63
     0     0     0     0     0   -48     0   -47    -3   -18     0     0    -9   -38     0     0     0   -52     0   -75     0     0     0   -15     0
     0     0   -58     0   -40     0   -89   -67     0   -66     0    -9     0   -36   -93     0  -100   -55     0    -4   -57     0   -58   -93   -62
     0     0   -49   -96   -25     0     0   -16     0   -79     0   -38   -36     0   -40     0     0   -31   -56     0     0   -94     0   -37   -26
     0     0     0     0     0   -57     0    -1   -81     0     0     0   -93   -40     0    -1     0   -18   -13   -37     0   -57     0   -47   -95
   -37     0     0   -55   -18   -24     0   -49     0     0     0     0     0     0    -1     0     0     0   -93     0   -62   -13   -88   -35   -83
   -80   -37   -19   -72     0     0   -46     0     0     0   -75     0  -100     0     0     0     0     0   -83   -33   -59     0     0     0   -96
   -77     0   -22   -43   -39   -77     0     0   -48   -55   -41   -52   -55   -31   -18     0     0     0   -91   -15     0   -20   -58     0     0
   -22     0     0     0   -48   -13     0     0     0   -12     0     0     0   -56   -13   -93   -83   -91     0   -87     0     0     0     0     0
   -92     0   -81     0     0   -91     0     0   -51   -45   -30   -75    -4     0   -37     0   -33   -15   -87     0   -99   -98   -96     0   -68
     0   -50     0   -91   -33     0   -50   -94   -30     0     0     0   -57     0     0   -62   -59     0     0   -99     0   -47   -94   -48   -39
   -21     0   -11     0     0   -39     0    -9   -92   -51   -62     0     0   -94   -57   -13     0   -20     0   -98   -47     0     0   -21    -7
     0   -36   -43     0     0     0     0   -36   -97   -21     0     0   -58     0     0   -88     0   -58     0   -96   -94     0     0   -23     0
     0     0   -10     0     0   -79   -94   -21   -56     0   -71   -15   -93   -37   -47   -35     0     0     0     0   -48   -21   -23     0   -94
     0     0     0     0   -86   -95   -93     0     0     0   -63     0   -62   -26   -95   -83   -96     0     0   -68   -39    -7     0   -94     0
