QBPP_HJ+_25_050_10_1
25 130 477
10 29 26 31 30 15 48 31 35 25 4 1 27 9 36 30 7 33 43 10 15 46 39 35 35
   0  51  92  32  90   0   0  72  29   0  52   0   0   0  21   0   0   0   0   0   0  10   0  91  81
  51   0  57  16  70   0   0   0   0   1   0   0   0   0   0   0  10   0  35  23   0   0  69  74  31
  92  57   0   0  52  18   0   0   0   0  39   0  18   0  25   0  72   0  16  56  71   0   0   0  39
  32  16   0   0  38  65   5   0   0   5  54   0   0  46  51  89  40  33   3  23   0   0   0   0   0
  90  70  52  38   0   0   0   0  44  21   0  40  73  83   0  27   0   0   0   0   0  80  34   0  33
   0   0  18  65   0   0   0   4   0  70   0   0  25  29  89  75   0  25   0   0  31  97  14  28  35
   0   0   0   5   0   0   0  75  60  92  75   0  65   0   0   0  63  31   0   0  71  84   0   0   0
  72   0   0   0   0   4  75   0  81  41  17  20  70   0   0  73   0  61   0   0   0   0   0  23   0
  29   0   0   0  44   0  60  81   0  41   0   0  45  27   0  62  53  82  17   0   0  15   4  37   0
   0   1   0   5  21  70  92  41  41   0  73   0  31   1  11   0   0  94   2   0   0   0   0  58   0
  52   0  39  54   0   0  75  17   0  73   0   0   0  89   0  53  59   0   0  73   3   0   0   0  42
   0   0   0   0  40   0   0  20   0   0   0   0   0   0   0  33   0   0   0  40   0  43   0   9   0
   0   0  18   0  73  25  65  70  45  31   0   0   0   2   8   0  30  94  97   0   0  32   0   0  99
   0   0   0  46  83  29   0   0  27   1  89   0   2   0   0   0  14   0  96  97  10  69   0   0  99
  21   0  25  51   0  89   0   0   0  11   0   0   8   0   0   0  68  36   0   0  56  38   0  65   0
   0   0   0  89  27  75   0  73  62   0  53  33   0   0   0   0  75  39   0  59  46  92   0   0   0
   0  10  72  40   0   0  63   0  53   0  59   0  30  14  68  75   0  20   0   0   0  97   0   0   0
   0   0   0  33   0  25  31  61  82  94   0   0  94   0  36  39  20   0  48  90   0  79   0   0  35
   0  35  16   3   0   0   0   0  17   2   0   0  97  96   0   0   0  48   0  17   0  90   0   0   0
   0  23  56  23   0   0   0   0   0   0  73  40   0  97   0  59   0  90  17   0  94   0   0  25  73
   0   0  71   0   0  31  71   0   0   0   3   0   0  10  56  46   0   0   0  94   0   0   0  97  33
  10   0   0   0  80  97  84   0  15   0   0  43  32  69  38  92  97  79  90   0   0   0  36  52   0
   0  69   0   0  34  14   0   0   4   0   0   0   0   0   0   0   0   0   0   0   0  36   0  20   0
  91  74   0   0   0  28   0  23  37  58   0   9   0   0  65   0   0   0   0  25  97  52  20   0   0
  81  31  39   0  33  35   0   0   0   0  42   0  99  99   0   0   0  35   0  73  33   0   0   0   0
