QBPP_HJ+_40_050_10_3
40 222 593
44 37 42 35 11 21 13 33 45 31 25 43 13 38 18 4 36 50 18 8 39 16 7 2 32 15 48 20 43 27 28 32 34 47 8 43 18 40 19 24
    0    0   63   63   79    8   99   89    0    0    0   44    0   22  100    4   56    0    0    0   88    0    0   88   16   14    0   10   78   45   56   19    0   42  100    7   26   19    0    0
    0    0   62    0    0    0    0   16   30   76    0   84    0    0    0    0    0   21    0    0    0   51   70    0   40  100    0   85   91   60    0   57    0    0    0   70    0    0    0    0
   63   62    0    0    0   33   34  100    0    0    0    0    0    0   35   44   47    0    0   78   21    0   40   75    0   29    0   28    0    0   41    0    0    0   88   44   37   30   46    0
   63    0    0    0    0    2   73    0    0    0    0    0    0    1    0   98    0    0   65   97   92   60    0    0  100   93    0   46   71    0    0   40   80    0    0    0   41    0    0    0
   79    0    0    0    0   62    0   11    0   29    0    0    0   87    0   21   36    0    0    0   84   57    0    0    0    0   82    0    0    0   39    0   93   83   88   12   48    0  100    0
    8    0   33    2   62    0    0   26    0   82    0    0    0    0    0   36    0   83   29   61    0    0    0  100   23    0   50   63    0   69    0    0    2   75    0   63   46    3   43    0
   99    0   34   73    0    0    0    0   35    0    0   53   69    0   80   54    0    0    0    8    0   47    0    3   54   61   74    0   66    0    0   66    0   60   55    0    0   93   82    0
   89   16  100    0   11   26    0    0    0    0   47    0    0    0    0   55    0   55    0    6   96   93   76   32    0    0   75   25    0    0   44   79   81    5    0    0   72    0    2    0
    0   30    0    0    0    0   35    0    0   57   69    4   27    0    0    0    0   18    0    0    0    0    0    0   13   12   51   17   54   61   20   28    0   24    0   33    0   93    0    0
    0   76    0    0   29   82    0    0   57    0   76   13   58    0   98    0    0   33    0   37    0   23   16   57   91    0   86   62    0   67    0    0   99    0    0   36    0    0   70    0
    0    0    0    0    0    0    0   47   69   76    0    0    0    0   97    0   86   80    0   15   65    0    0   91    5   38    0    7    0   88   60   18   80    0   58    0   38   67   81    2
   44   84    0    0    0    0   53    0    4   13    0    0   82   20   90    0   33   36   91    0    0    0   89   15   94   33   63   77    0    0   69   63   56    0    0   63    0    0   47    0
    0    0    0    0    0    0   69    0   27   58    0   82    0    0    0    0   21   96    0   99   87    0    0    0   16    0   88    1    0    3   30    0   53    0    0   98   99    0   23    0
   22    0    0    1   87    0    0    0    0    0    0   20    0    0   28    0    0    0   55    0   73   11    7    0    0   52    0   73    0    0    0   78    0    0    0    0    0    0    9    0
  100    0   35    0    0    0   80    0    0   98   97   90    0   28    0    0   65   37    0   28    0    0    0    0    0    0    0    0   16   30    0    0   80    0   91   34   55    0   50   61
    4    0   44   98   21   36   54   55    0    0    0    0    0    0    0    0   91   52   17   99   41   38   36   50   34   53   93   46   47   75   46   27   32    0    0    0    0   85    0   18
   56    0   47    0   36    0    0    0    0    0   86   33   21    0   65   91    0   84   34    0    0    0   77   98    0    0    0    0   81   70   19    0   27    0   39   12    0    0   62    0
    0   21    0    0    0   83    0   55   18   33   80   36   96    0   37   52   84    0   32   72    0    0    0    0   97   51    0   83   71   38    0   56   30   47    0   65   16    0    0   99
    0    0    0   65    0   29    0    0    0    0    0   91    0   55    0   17   34   32    0    0   90    0   97   43    0    0   66    0    0   21   23    0    0   20   35    0    0   64    0   96
    0    0   78   97    0   61    8    6    0   37   15    0   99    0   28   99    0   72    0    0    0   60   72    1    0    0    0    0    0    0    0   28   46    9    0    0   43   35    0    0
   88    0   21   92   84    0    0   96    0    0   65    0   87   73    0   41    0    0   90    0    0    0    0    9   21    0    0   27   71   91    0    0    0   67   73    0    0    0   44   83
    0   51    0   60   57    0   47   93    0   23    0    0    0   11    0   38    0    0    0   60    0    0   50   71   57    0    0    0    0    0    0   80   23    0   66   62   23   23   91   97
    0   70   40    0    0    0    0   76    0   16    0   89    0    7    0   36   77    0   97   72    0   50    0   91   57   97    0   94   58   55   23    8   70    1   78   27    0    0    0    8
   88    0   75    0    0  100    3   32    0   57   91   15    0    0    0   50   98    0   43    1    9   71   91    0    0    7    6    0    0   97   91   96   13    0   22   52   50    0   56    2
   16   40    0  100    0   23   54    0   13   91    5   94   16    0    0   34    0   97    0    0   21   57   57    0    0   38   54    0    0    0    0    0    0    0   55   59    0   29    0    3
   14  100   29   93    0    0   61    0   12    0   38   33    0   52    0   53    0   51    0    0    0    0   97    7   38    0   82    0   50    0   71    3  100    0    0   92   40    0   60    0
    0    0    0    0   82   50   74   75   51   86    0   63   88    0    0   93    0    0   66    0    0    0    0    6   54   82    0   53   33    0    6   91    0   30   97   78   98    0    1   89
   10   85   28   46    0   63    0   25   17   62    7   77    1   73    0   46    0   83    0    0   27    0   94    0    0    0   53    0    0   19   30    0    0   66   79    0    0    0   28   80
   78   91    0   71    0    0   66    0   54    0    0    0    0    0   16   47   81   71    0    0   71    0   58    0    0   50   33    0    0    0    0    0   68   52    0    0    4    0   15    0
   45   60    0    0    0   69    0    0   61   67   88    0    3    0   30   75   70   38   21    0   91    0   55   97    0    0    0   19    0    0    0   51    0   57    0   69   22    4    0   73
   56    0   41    0   39    0    0   44   20    0   60   69   30    0    0   46   19    0   23    0    0    0   23   91    0   71    6   30    0    0    0    0    0    0   97    0    0   94   14    0
   19   57    0   40    0    0   66   79   28    0   18   63    0   78    0   27    0   56    0   28    0   80    8   96    0    3   91    0    0   51    0    0    0   37   97    0   24   87    0    0
    0    0    0   80   93    2    0   81    0   99   80   56   53    0   80   32   27   30    0   46    0   23   70   13    0  100    0    0   68    0    0    0    0    0    0    0   11    0   28   20
   42    0    0    0   83   75   60    5   24    0    0    0    0    0    0    0    0   47   20    9   67    0    1    0    0    0   30   66   52   57    0   37    0    0   41    0   17    0    0   65
  100    0   88    0   88    0   55    0    0    0   58    0    0    0   91    0   39    0   35    0   73   66   78   22   55    0   97   79    0    0   97   97    0   41    0   24   90    0    0    0
    7   70   44    0   12   63    0    0   33   36    0   63   98    0   34    0   12   65    0    0    0   62   27   52   59   92   78    0    0   69    0    0    0    0   24    0   92   61   81    0
   26    0   37   41   48   46    0   72    0    0   38    0   99    0   55    0    0   16    0   43    0   23    0   50    0   40   98    0    4   22    0   24   11   17   90   92    0   64   61    0
   19    0   30    0    0    3   93    0   93    0   67    0    0    0    0   85    0    0   64   35    0   23    0    0   29    0    0    0    0    4   94   87    0    0    0   61   64    0   33    0
    0    0   46    0  100   43   82    2    0   70   81   47   23    9   50    0   62    0    0    0   44   91    0   56    0   60    1   28   15    0   14    0   28    0    0   81   61   33    0    0
    0    0    0    0    0    0    0    0    0    0    2    0    0    0   61   18    0   99   96    0   83   97    8    2    3    0   89   80    0   73    0    0   20   65    0    0    0    0    0    0
