QBPP_HJ+_40_050_06_2
40 360 124
34 45 36 37 43 43 16 44 30 48 49 50 49 6 13 14 37 12 26 26 5 3 18 19 19 19 42 24 31 47 25 16 25 19 36 6 19 6 9 33
    0    0    1    0    0   70   61    0   48   91    0   54    0   22   25   51   18   55   78    7   56    0   41   81    0    0    0    0    0   73    0    0   75   32    0   79   47   79   42    0
    0    0    0    0    0    0    0   38   52    5   60    7    0    0    0    0   47    3   91    0    0   11    0    0    0   77   72   43   32   59    0   16    0   68   85    0   64    0   85   36
    1    0    0   45   40   82    0    0    0    4    0   52    0    0    0    0   62   90   25    0    0    0    0    0    0    0   95   82    0   24    0   21    0    0    0    0    0    0    0    0
    0    0   45    0    0   20    0   80   37   96   81    6   14   31    0   68   91    0   56    0    0    0   27    0    0    0    0    0   15    0   99    5    0   55   96    1   89    0   95   23
    0    0   40    0    0   47    3   60   93   65   15    0   76    0    0   72    0    0   12    0    0    0    0    0   57    3   99    0   84   15    0  100   78    0    0    0   31   14    4    0
   70    0   82   20   47    0   58    0   52    2    2    0    0    0    0    0   90   99    0    1   99    0    0    0    0    0    0    0   36   92   47   14   35    0   36    0    1    0    0   58
   61    0    0    0    3   58    0    0   82    0   75    0    0   89   92   27   64   70    0    0  100    0    0    0   70    0    0    0   59    0   69    0   34   22    0    0    0   54    0   87
    0   38    0   80   60    0    0    0    0    0   22    0    0   15   92    6   93    0   61    0   20    0   82    0    0    0    0   49   95    0    0   75   64    0    0    0   87   86   47   61
   48   52    0   37   93   52   82    0    0   58   70   70    0    0    0    0    0   89   77    0   64    0    0    0    0   80    1   27    0    0    0   99    0   58  100    0   81    0    0   17
   91    5    4   96   65    2    0    0   58    0   33   31    0    0    0    0    0    0    0   34   94    0   20   77    0    0    0   59    0    0    4    0   58   29   77    0    0    0   38    0
    0   60    0   81   15    2   75   22   70   33    0    0    0   96    0   43   51    0   71    0   68    0   42   49    0    0   30   68    0    0    0   81   53   35   95   69    0    0    0    0
   54    7   52    6    0    0    0    0   70   31    0    0   41   12    0   28   39    0    0   30   18    0    0   22    0    0   57   11  100   78    0   95   30   70   61    0    0   85    0    0
    0    0    0   14   76    0    0    0    0    0    0   41    0    0   15   43    0    0    0   94    0    0    0   28    0    0    0   23   78    0   47   62    0   78    0    0   79   41    0    0
   22    0    0   31    0    0   89   15    0    0   96   12    0    0   69    0    0    0   16    0   81    0   49   49    0    0   22    0    0   30    2    0    0   82   70   14   75    0    0    0
   25    0    0    0    0    0   92   92    0    0    0    0   15   69    0   57   75    0    0   29   75   18   63   42   16   84    0    0    0   42   90    0    0   94    0    0    0   75    0    0
   51    0    0   68   72    0   27    6    0    0   43   28   43    0   57    0    0    0    1    0   69    0   82    0    0    0    0    0    0   41    0    0   93    0   33    0   39    0    0   67
   18   47   62   91    0   90   64   93    0    0   51   39    0    0   75    0    0   89   23   54   89    0    0    5   50    0    0   79   74   21    0   48   59    0    0    0    0    6   77    0
   55    3   90    0    0   99   70    0   89    0    0    0    0    0    0    0   89    0    0   30   33    0   58   33    0    0   97   52   30   20    0   18   21   23   32    0    0    0    0   66
   78   91   25   56   12    0    0   61   77    0   71    0    0   16    0    1   23    0    0    5    0    0   26   76    0    0   67    0    0    8   60   57   84    0   92   94   53    0   56    0
    7    0    0    0    0    1    0    0    0   34    0   30   94    0   29    0   54   30    5    0    0   25    0    0   68    0   27    0   65   88   42    0    0    0    0   78   15   24    0   62
   56    0    0    0    0   99  100   20   64   94   68   18    0   81   75   69   89   33    0    0    0    0   89    0   72    0   96    0   29  100    0    0   28    9    0  100    0    0    0   46
    0   11    0    0    0    0    0    0    0    0    0    0    0    0   18    0    0    0    0   25    0    0   51   32   17   52   55   28    0   36   45    0    0    0   90    0    0    8    0    1
   41    0    0   27    0    0    0   82    0   20   42    0    0   49   63   82    0   58   26    0   89   51    0    0   17   37    0    0   87   28    0    0    0    0   37   56    0    0    0    0
   81    0    0    0    0    0    0    0    0   77   49   22   28   49   42    0    5   33   76    0    0   32    0    0   98   89    0    0    0   49   65    0   46    0    0    0    4   10    0   77
    0    0    0    0   57    0   70    0    0    0    0    0    0    0   16    0   50    0    0   68   72   17   17   98    0    0   23   96    0   53   54    0    0    3    0    0   15    0    0    0
    0   77    0    0    3    0    0    0   80    0    0    0    0    0   84    0    0    0    0    0    0   52   37   89    0    0    0    0    0   66    0   22   60   77    0    0   71   35    0   77
    0   72   95    0   99    0    0    0    1    0   30   57    0   22    0    0    0   97   67   27   96   55    0    0   23    0    0    0   22   10   28    0   63   90   15   73    0   29   56   36
    0   43   82    0    0    0    0   49   27   59   68   11   23    0    0    0   79   52    0    0    0   28    0    0   96    0    0    0    0    0   64   21   58  100    7   33    0    0    0    1
    0   32    0   15   84   36   59   95    0    0    0  100   78    0    0    0   74   30    0   65   29    0   87    0    0    0   22    0    0    0    0    0    1    6   66    4   86   83    0   24
   73   59   24    0   15   92    0    0    0    0    0   78    0   30   42   41   21   20    8   88  100   36   28   49   53   66   10    0    0    0    0   13    0   83   22   43    0    0   61    0
    0    0    0   99    0   47   69    0    0    4    0    0   47    2   90    0    0    0   60   42    0   45    0   65   54    0   28   64    0    0    0    1    0    0    0    4    0    0   63    0
    0   16   21    5  100   14    0   75   99    0   81   95   62    0    0    0   48   18   57    0    0    0    0    0    0   22    0   21    0   13    1    0    0   94   28    0   77   90   96   88
   75    0    0    0   78   35   34   64    0   58   53   30    0    0    0   93   59   21   84    0   28    0    0   46    0   60   63   58    1    0    0    0    0    6    0    0    0   65    0    0
   32   68    0   55    0    0   22    0   58   29   35   70   78   82   94    0    0   23    0    0    9    0    0    0    3   77   90  100    6   83    0   94    6    0   21   45    0    0   36    0
    0   85    0   96    0   36    0    0  100   77   95   61    0   70    0   33    0   32   92    0    0   90   37    0    0    0   15    7   66   22    0   28    0   21    0   59    0    0   13   17
   79    0    0    1    0    0    0    0    0    0   69    0    0   14    0    0    0    0   94   78  100    0   56    0    0    0   73   33    4   43    4    0    0   45   59    0    0    9    0   65
   47   64    0   89   31    1    0   87   81    0    0    0   79   75    0   39    0    0   53   15    0    0    0    4   15   71    0    0   86    0    0   77    0    0    0    0    0    0    0   90
   79    0    0    0   14    0   54   86    0    0    0   85   41    0   75    0    6    0    0   24    0    8    0   10    0   35   29    0   83    0    0   90   65    0    0    9    0    0    0    0
   42   85    0   95    4    0    0   47    0   38    0    0    0    0    0    0   77    0   56    0    0    0    0    0    0    0   56    0    0   61   63   96    0   36   13    0    0    0    0    0
    0   36    0   23    0   58   87   61   17    0    0    0    0    0    0   67    0   66    0   62   46    1    0   77    0   77   36    1   24    0    0   88    0    0   17   65   90    0    0    0
