QBPP_HJ+_25_075_06_1
25 185 179
23 4 31 1 31 22 16 36 13 22 16 50 24 24 1 15 50 32 12 33 9 30 11 25 23
    0   83   26   33   90   30    0    0   91   14   83    0   74   13    0    4   76    0    0   45    0   12   73   70   90
   83    0   22    0    0   97    0   15   57   12   58    0    2   42   48   62    0    3   54    0    0    0   65    0   13
   26   22    0    0   24   83   21   60   72    2    0   51   97   79   45   34    0   36   56    0    2    6   43   18    0
   33    0    0    0    0    0   69    0    0   50   21   11    0   22    0   71   12   88   23   79   30   76   11   43   62
   90    0   24    0    0   67    0   17  100    6    0    0   51    0   58   12   34    5    0   68    0    6    8   70   56
   30   97   83    0   67    0   24   39   93   11    0   71   52   78    0    0   36   58    0   13    0   87   27    0   77
    0    0   21   69    0   24    0   83   87   38    0   74   64   55   66   84   74   19    0    0   18   48   94    0    0
    0   15   60    0   17   39   83    0    0   84   95   32    5   17   12   54    0   57   70    0   77   44   30    0    0
   91   57   72    0  100   93   87    0    0   31   79   45    0   57   34   10   19    0   34    0    0    0    0   24   44
   14   12    2   50    6   11   38   84   31    0   94   64   92   84   67   23    0   98   83   43   44   69    0   42    0
   83   58    0   21    0    0    0   95   79   94    0   41   55   92    6    0   86    5   21   59   36    4   96   25    7
    0    0   51   11    0   71   74   32   45   64   41    0    9   63   47   37   48   82   84   50   93   78   84   82   96
   74    2   97    0   51   52   64    5    0   92   55    9    0   74   64   64    0   16   24   35   82   72   38   45   81
   13   42   79   22    0   78   55   17   57   84   92   63   74    0   56   35   61   19   61   84   24   23   76    0   40
    0   48   45    0   58    0   66   12   34   67    6   47   64   56    0   60   17   96  100   85    0    1   81   48    0
    4   62   34   71   12    0   84   54   10   23    0   37   64   35   60    0   70   29  100   59   68   48   71   16   45
   76    0    0   12   34   36   74    0   19    0   86   48    0   61   17   70    0   90    0   61   70   85   30    0   61
    0    3   36   88    5   58   19   57    0   98    5   82   16   19   96   29   90    0   69   35   64   70    0    0    0
    0   54   56   23    0    0    0   70   34   83   21   84   24   61  100  100    0   69    0   33    0   42   34   44    5
   45    0    0   79   68   13    0    0    0   43   59   50   35   84   85   59   61   35   33    0   32   29   36    0   65
    0    0    2   30    0    0   18   77    0   44   36   93   82   24    0   68   70   64    0   32    0   37   24    0   68
   12    0    6   76    6   87   48   44    0   69    4   78   72   23    1   48   85   70   42   29   37    0   94   85   71
   73   65   43   11    8   27   94   30    0    0   96   84   38   76   81   71   30    0   34   36   24   94    0    8   99
   70    0   18   43   70    0    0    0   24   42   25   82   45    0   48   16    0    0   44    0    0   85    8    0   39
   90   13    0   62   56   77    0    0   44    0    7   96   81   40    0   45   61    0    5   65   68   71   99   39    0
