QBPP_HJ+_25_075_10_3
25 120 738
30 11 32 11 47 46 24 32 2 5 23 37 48 14 22 24 35 28 48 24 2 14 4 21 13
   0  52  67   0  33  77  69  76  57  33  40   3  60  10   0  18  35  90  98   0   0   0  22  20  52
  52   0   0   6  68  43   2  40  48  49  42  35  47  60  48  24  32   0  16  63   0   9  54  34  62
  67   0   0   0  23   0  90   0   0   0   0  16  22  21   0   0  24  48  30   0  26  58  65   0  79
   0   6   0   0  28   0   0  77  45  46  63   0  68  54   0  24  83  14  44  19  15   0  41  32   0
  33  68  23  28   0  47  83  94   4  47  86  32   0  73  67  36   0  76  67  18  38   6   0  63   8
  77  43   0   0  47   0  55  58  38  36  62   0  64  48  32  80  33   0  15  52  14  89  68  42   0
  69   2  90   0  83  55   0   0   0  81  48  92  94  90  67   0  21  85   0  49   0  71  65  28   0
  76  40   0  77  94  58   0   0  72  21  91   0   0  58  46   0  13  79  76   0  38  87  38  34   0
  57  48   0  45   4  38   0  72   0  40   0   0  19  51   0  79  61  55  44  31  10   0  39  30   0
  33  49   0  46  47  36  81  21  40   0  74  68   0  84  17  16   0  40  45  14  38   0  84   6  65
  40  42   0  63  86  62  48  91   0  74   0   4  96   3  93   0   0  70   1  46  10   0  50  38   3
   3  35  16   0  32   0  92   0   0  68   4   0   0   0   0  82  49  42  92  63  29  42  43   0  73
  60  47  22  68   0  64  94   0  19   0  96   0   0   0  25  33  78  28  69  67  55  85  79  28   0
  10  60  21  54  73  48  90  58  51  84   3   0   0   0  99  81  67  55   0  21   9   0  37  13  49
   0  48   0   0  67  32  67  46   0  17  93   0  25  99   0   4  44  96   0   0  66   0  76  91  57
  18  24   0  24  36  80   0   0  79  16   0  82  33  81   4   0   1  53   0  30   7  80  66   0  55
  35  32  24  83   0  33  21  13  61   0   0  49  78  67  44   1   0  98   0  48   0  34  79  68  91
  90   0  48  14  76   0  85  79  55  40  70  42  28  55  96  53  98   0   0  77  33  55  33  44  81
  98  16  30  44  67  15   0  76  44  45   1  92  69   0   0   0   0   0   0  29   4  58   0  29  12
   0  63   0  19  18  52  49   0  31  14  46  63  67  21   0  30  48  77  29   0  49  39  58  64  89
   0   0  26  15  38  14   0  38  10  38  10  29  55   9  66   7   0  33   4  49   0   9   3   0  51
   0   9  58   0   6  89  71  87   0   0   0  42  85   0   0  80  34  55  58  39   9   0  55  39  79
  22  54  65  41   0  68  65  38  39  84  50  43  79  37  76  66  79  33   0  58   3  55   0   0  52
  20  34   0  32  63  42  28  34  30   6  38   0  28  13  91   0  68  44  29  64   0  39   0   0  33
  52  62  79   0   8   0   0   0   0  65   3  73   0  49  57  55  91  81  12  89  51  79  52  33   0
