QBPP_HJ+_40_050_06_5
40 315 129
35 32 19 26 1 14 12 9 44 41 47 1 37 29 28 42 3 32 11 11 22 9 23 15 32 23 48 21 10 27 22 23 20 7 33 40 31 27 14 24
    0    0   84    0    0   24   64    0    0    0    0    8    4    0    0   13    0    0  100    0   79    0    0    0    0   76    0   79    0   96   65    0   62    6    0   51   71   20   58   12
    0    0    0    0    0   15    0    0   45   50    0    0   80    0   10    8   22   68   82    0    6    0   23   46   67   42   81    0    0   51   24   50    0   72    7    5    0    8   53    0
   84    0    0   38   31    0   56    0    0   11    0    0   79   69   81    0   22   40   38   88    7    0   56    0   40   80    0   73    0    0   80    0   14   88    0   28    0    0    0    0
    0    0   38    0   85    0    0   19    0   58    0    0   84    0    0    0    0    0   50   68   21   28    0   51    0    0   22    0   35    0    0   70   70   88    0   37   88   69   31   77
    0    0   31   85    0   21    0   78   36   81    0   62    0    0   69   39   68   40    0   78    0   17    0   13   68   12   33    7    0   15    0   98    5   10    0    0   62    0    5    0
   24   15    0    0   21    0    0   91    0    0    0   18    1    0   99    0   18   52   22    0    3   29    1    0   31    0   41    0   26    0   37    0   92    0   16   95    0   42   85    0
   64    0   56    0    0    0    0    0   17   33    0   69    0    0   31   42    0    0    0    0    0   85    0   74    0    0   22    0   72    0   66    0   66    0   39    0   33    0    0   69
    0    0    0   19   78   91    0    0    0   94    0   16   20    0   79    0    1    0    0    0    0  100    3   77    0    0   23   77   79    0    0    0    0    0   96    0   91   80   19   37
    0   45    0    0   36    0   17    0    0    0    0   87    0   85    0   91    0   69    0    0    0   63    0   33    0    0   44   61    0   29    0   23    0    0    0   71    0    0    0   78
    0   50   11   58   81    0   33   94    0    0   27   12    0   67   37   16   83    0    0    2   53    0   68    0    0   53    0   61    3    0    0   20    0   21    0    0   89    0    0    0
    0    0    0    0    0    0    0    0    0   27    0   31    0    3   67   74   18   89    0    0   46    0   14    0   84   94   33   48    0    0    0   10   75   60    0    0    0   15   39    0
    8    0    0    0   62   18   69   16   87   12   31    0   53    0   65   80    3   12   56    0   31   85   48   63    0    0    0   15    0    0   25    0    0   60    0   23    0   67   80    0
    4   80   79   84    0    1    0   20    0    0    0   53    0    0    0   36   31    0    0    0   35    3    0   90    0   65    0    0   61    0    0   38   13    0    0   99    0   66   92   92
    0    0   69    0    0    0    0    0   85   67    3    0    0    0    0   84    0    0   38    0   18   50    9    0   33    0    0    0    0   81    0   81   75    0   97   25    0    0   14    0
    0   10   81    0   69   99   31   79    0   37   67   65    0    0    0    0    8    0   57   35    0    0    0    0    0    7   13    0   56    0   42    0    0   49    0    0    0   58    0    0
   13    8    0    0   39    0   42    0   91   16   74   80   36   84    0    0    0   70   56   33   36    0    0    0    4    0    0  100    0    0   33   69   10    0   54    0   53   47    0    0
    0   22   22    0   68   18    0    1    0   83   18    3   31    0    8    0    0    0   87    0   84    0    0   13    0    0    0   55   44    0    0   48    0    0   55   95    0   11   83    9
    0   68   40    0   40   52    0    0   69    0   89   12    0    0    0   70    0    0    0   10    0   76   24   46   82    0    0   27   39   71   40   96   82    0   46   45    0    0   93    0
  100   82   38   50    0   22    0    0    0    0    0   56    0   38   57   56   87    0    0   39    0    0    0    0   21    0   44   22    5   82    0    0   56    0    0    0   35    4   62    0
    0    0   88   68   78    0    0    0    0    2    0    0    0    0   35   33    0   10   39    0    0   32   55    0    0   33    0   52    0    3    0    0   94    0    0    0   49   24    0    0
   79    6    7   21    0    3    0    0    0   53   46   31   35   18    0   36   84    0    0    0    0    0    0    0   54   77   48    0   96    0   64   85   98   42   88   84    8   66    0    0
    0    0    0   28   17   29   85  100   63    0    0   85    3   50    0    0    0   76    0   32    0    0    0   73   52    0   87   93   72    0   89   45   77    0    0    0   50   57   46    0
    0   23   56    0    0    1    0    3    0   68   14   48    0    9    0    0    0   24    0   55    0    0    0   81    0    0   76    0    0    0    0   43    0    0    0   82    0    0    0    0
    0   46    0   51   13    0   74   77   33    0    0   63   90    0    0    0   13   46    0    0    0   73   81    0    0    0    0   34   75    0   20   44    0    0    0    0    0    0    0   61
    0   67   40    0   68   31    0    0    0    0   84    0    0   33    0    4    0   82   21    0   54   52    0    0    0    0   33   96    0   53   97   16   44   54    0   82   25    0   83   92
   76   42   80    0   12    0    0    0    0   53   94    0   65    0    7    0    0    0    0   33   77    0    0    0    0    0    0    0   87    0    0   90    0   26   90    0    0   94   50    0
    0   81    0   22   33   41   22   23   44    0   33    0    0    0   13    0    0    0   44    0   48   87   76    0   33    0    0    0   37    0  100    0    0    0   93    0   31    0   59   51
   79    0   73    0    7    0    0   77   61   61   48   15    0    0    0  100   55   27   22   52    0   93    0   34   96    0    0    0    8   92   84   23    0   16    0    0    0   67    0    0
    0    0    0   35    0   26   72   79    0    3    0    0   61    0   56    0   44   39    5    0   96   72    0   75    0   87   37    8    0   22   23   46    0   69   32   20    0   52   83   13
   96   51    0    0   15    0    0    0   29    0    0    0    0   81    0    0    0   71   82    3    0    0    0    0   53    0    0   92   22    0   86    0   72   19   96   72   89    0    0   71
   65   24   80    0    0   37   66    0    0    0    0   25    0    0   42   33    0   40    0    0   64   89    0   20   97    0  100   84   23   86    0    0    0    0    0   86    0   97    0    0
    0   50    0   70   98    0    0    0   23   20   10    0   38   81    0   69   48   96    0    0   85   45   43   44   16   90    0   23   46    0    0    0   22    0    0    0    0   37   81   29
   62    0   14   70    5   92   66    0    0    0   75    0   13   75    0   10    0   82   56   94   98   77    0    0   44    0    0    0    0   72    0   22    0   31   22   35   63   55    0   94
    6   72   88   88   10    0    0    0    0   21   60   60    0    0   49    0    0    0    0    0   42    0    0    0   54   26    0   16   69   19    0    0   31    0   73    0   16    0    0   53
    0    7    0    0    0   16   39   96    0    0    0    0    0   97    0   54   55   46    0    0   88    0    0    0    0   90   93    0   32   96    0    0   22   73    0    0   23   79   70   93
   51    5   28   37    0   95    0    0   71    0    0   23   99   25    0    0   95   45    0    0   84    0   82    0   82    0    0    0   20   72   86    0   35    0    0    0    0    0   98    0
   71    0    0   88   62    0   33   91    0   89    0    0    0    0    0   53    0    0   35   49    8   50    0    0   25    0   31    0    0   89    0    0   63   16   23    0    0   47    0    0
   20    8    0   69    0   42    0   80    0    0   15   67   66    0   58   47   11    0    4   24   66   57    0    0    0   94    0   67   52    0   97   37   55    0   79    0   47    0    0   68
   58   53    0   31    5   85    0   19    0    0   39   80   92   14    0    0   83   93   62    0    0   46    0    0   83   50   59    0   83    0    0   81    0    0   70   98    0    0    0    0
   12    0    0   77    0    0   69   37   78    0    0    0   92    0    0    0    9    0    0    0    0    0    0   61   92    0   51    0   13   71    0   29   94   53   93    0    0   68    0    0
