QBPP_HJ+_30_050_20_4
30 69 3474
42 10 27 34 34 8 33 7 11 14 26 49 46 33 22 19 19 14 5 13 39 20 8 40 8 30 18 27 23 8
    0   81    0    0    1    0   18    0    0    0   98    0    0   96   91   56    0    0    0    0   22    0    0   41   46    0   24    0    0    0
   81    0   48   92    6    6    0    0    0   70    0    0   27    0    0   29    0   94   73    0    0    0   83    0   95   43   15    0    0   21
    0   48    0    1    0    0   88    0    0   68    0   53    0    0   92    0    0    0   33    0    0    0    0    0    0   14    0    0    0    0
    0   92    1    0    0   61   32   34   93    0   86   63    0    0    0    0   80   10    0   20    0    0    0   28    0    9    0    0    0    0
    1    6    0    0    0    4    0   66   77   33   10    0   13    0   63    0    0   92    0    0    2   36   62    0    0    0   82    0   17    0
    0    6    0   61    4    0    0   50    0    0   35   89    8   31   54   43    0    0    0   17   25    0   92    0    0    0   63   81   14    0
   18    0   88   32    0    0    0    0   53   48   27   60    0   60   44   81    0   22   92    0    0    6   76   18   22   81    0   43    0   60
    0    0    0   34   66   50    0    0    0    0    0    0    0    9    0    0   17   47    0   82   12   65    0   47    0   41    0    0    0   65
    0    0    0   93   77    0   53    0    0   30   89    0   30   80   18    0    0   34    0   22    0   79   22    0    0    0    0   47   58   75
    0   70   68    0   33    0   48    0   30    0   27    0   42    0   22   86    0   87    0   12   56    0    0   22   96    0    0    0    0    0
   98    0    0   86   10   35   27    0   89   27    0   23    0    0    0    0    0   83   19    0    0   88   71   83    0    0   12   57    0   35
    0    0   53   63    0   89   60    0    0    0   23    0    0    7   14   94   92    0    0   91    0    0    0    0    0   99   71   69   47  100
    0   27    0    0   13    8    0    0   30   42    0    0    0    0   25    0    0   79   78    0    0   45    0    0    0    0   29    0   59    0
   96    0    0    0    0   31   60    9   80    0    0    7    0    0   29   48    0    1    0   72   31    0   32    0   73   19   98   65    0    0
   91    0   92    0   63   54   44    0   18   22    0   14   25   29    0    0   45   57    0   31    0   44    0   76   37   43   56    0   68    0
   56   29    0    0    0   43   81    0    0   86    0   94    0   48    0    0    0   96   66    0    0   83    0   79   23    0   45   47    0   95
    0    0    0   80    0    0    0   17    0    0    0   92    0    0   45    0    0    0   57   22    0    0    0   23    0    0    0    0    0    0
    0   94    0   10   92    0   22   47   34   87   83    0   79    1   57   96    0    0    6   98    0   92    7    0    2    0    0    0    0    0
    0   73   33    0    0    0   92    0    0    0   19    0   78    0    0   66   57    6    0   88    6   40    6    0   16    0    0   39    0    0
    0    0    0   20    0   17    0   82   22   12    0   91    0   72   31    0   22   98   88    0    6    0   48   32    0   98   53   48   35   54
   22    0    0    0    2   25    0   12    0   56    0    0    0   31    0    0    0    0    6    6    0    0    0   75   24    0   16    0    0    0
    0    0    0    0   36    0    6   65   79    0   88    0   45    0   44   83    0   92   40    0    0    0   83    0    0    0    9    0   74   43
    0   83    0    0   62   92   76    0   22    0   71    0    0   32    0    0    0    7    6   48    0   83    0    0    0   12   43   32   39   82
   41    0    0   28    0    0   18   47    0   22   83    0    0    0   76   79   23    0    0   32   75    0    0    0    0   60   88    0    0    0
   46   95    0    0    0    0   22    0    0   96    0    0    0   73   37   23    0    2   16    0   24    0    0    0    0    0   19   30    0    0
    0   43   14    9    0    0   81   41    0    0    0   99    0   19   43    0    0    0    0   98    0    0   12   60    0    0    0   57    0   20
   24   15    0    0   82   63    0    0    0    0   12   71   29   98   56   45    0    0    0   53   16    9   43   88   19    0    0   78   33   69
    0    0    0    0    0   81   43    0   47    0   57   69    0   65    0   47    0    0   39   48    0    0   32    0   30   57   78    0   55    0
    0    0    0    0   17   14    0    0   58    0    0   47   59    0   68    0    0    0    0   35    0   74   39    0    0    0   33   55    0   64
    0   21    0    0    0    0   60   65   75    0   35  100    0    0    0   95    0    0    0   54    0   43   82    0    0   20   69    0   64    0
