QBPP_HJ+_25_075_06_5
25 215 173
49 47 28 6 41 25 14 44 16 46 24 39 33 20 3 9 11 40 7 10 24 35 28 2 44
   0   0  53   0  35  75   0   0  90  72  29  17  77  18   2  32   0  69  68  75  18  88  44  36   5
   0   0  29  26  84  54  75   0  28  99  30  36  61  32   5  62  20  94  83  19   2   7  13  36   0
  53  29   0  11  50  91  66   0  98  88  58  95  48  85  58   0  67  43  13  49  47   0  51  67  35
   0  26  11   0   0  80  63   0  54  57  40   0  41  47   0   0  79  48  66  64  36  85  47  76  97
  35  84  50   0   0  46  34  71  25  19  65  86  41  49  12  76  33  96  26  58   0   0  90  83  49
  75  54  91  80  46   0  45  16  47  88  95   6   0   0  72  27  31  35   0   0  51   7  45   0  54
   0  75  66  63  34  45   0   0  78  11  75  69  40   0   0  20  62   0   9   0   0   0  77  77   0
   0   0   0   0  71  16   0   0  77   0  13   0  12  16   0   0  70   0  13  77   0  53  97  29  86
  90  28  98  54  25  47  78  77   0   0   0  98  80   0   0  16  16   0  62  70  28  77   0  63  36
  72  99  88  57  19  88  11   0   0   0  53   0  71   0  87   0   0  53  68   0  87  49   0   1  93
  29  30  58  40  65  95  75  13   0  53   0  82  72  26   0   1  36  89  28   0  77  41  36  18  44
  17  36  95   0  86   6  69   0  98   0  82   0  78   0   0  66  70  48  56   0  25   5  45   0  17
  77  61  48  41  41   0  40  12  80  71  72  78   0   0  28  81  45  61  60   0  31  90  69  69  73
  18  32  85  47  49   0   0  16   0   0  26   0   0   0  79   0  15  57  14  38  77   0  21  54  25
   2   5  58   0  12  72   0   0   0  87   0   0  28  79   0   0  84   0   0   3   2   0  47  73  25
  32  62   0   0  76  27  20   0  16   0   1  66  81   0   0   0   0  18  94   0   0   0   0   0  57
   0  20  67  79  33  31  62  70  16   0  36  70  45  15  84   0   0  50  24  39  23  83  20  39  64
  69  94  43  48  96  35   0   0   0  53  89  48  61  57   0  18  50   0  16  83  11  12   0  84   0
  68  83  13  66  26   0   9  13  62  68  28  56  60  14   0  94  24  16   0  82   0   0  54   0  46
  75  19  49  64  58   0   0  77  70   0   0   0   0  38   3   0  39  83  82   0  84   0   0  55   0
  18   2  47  36   0  51   0   0  28  87  77  25  31  77   2   0  23  11   0  84   0   0   0   0   0
  88   7   0  85   0   7   0  53  77  49  41   5  90   0   0   0  83  12   0   0   0   0  39  54   0
  44  13  51  47  90  45  77  97   0   0  36  45  69  21  47   0  20   0  54   0   0  39   0  92  27
  36  36  67  76  83   0  77  29  63   1  18   0  69  54  73   0  39  84   0  55   0  54  92   0  93
   5   0  35  97  49  54   0  86  36  93  44  17  73  25  25  57  64   0  46   0   0   0  27  93   0
