QBPP_HJ-_30_050_20_3
30 82 3903
7 16 20 42 34 36 6 36 40 11 30 35 12 24 31 37 45 29 28 44 23 46 27 11 13 45 46 3 11 28
     0     0   -80     0     0     0   -36    -7    -2     0   -67   -31     0   -28   -22     0   -96     0   -30   -12     0     0   -60   -62     0   -86   -68     0     0     0
     0     0     0     0   -16   -29     0   -16     0   -11     0     0     0     0   -25   -72   -81   -45     0     0     0   -39   -74     0     0   -59   -39     0     0  -100
   -80     0     0     0     0   -37   -15     0     0   -39   -81   -79   -29   -31   -44     0    -3   -63     0   -69     0     0     0     0     0     0   -87     0   -46     0
     0     0     0     0   -19     0   -51   -84     0   -34   -82     0     0   -82     0   -82     0   -53   -79   -74   -69     0     0     0     0   -93   -13     0     0     0
     0   -16     0   -19     0     0     0     0     0   -91     0   -25   -53   -10     0   -17     0     0   -64   -75   -29    -1   -92   -80    -9     0     0   -65    -7   -37
     0   -29   -37     0     0     0   -41   -53     0   -70     0     0   -88   -29     0   -47   -10   -86   -44     0   -58   -84   -50   -28     0   -48    -3     0   -51     0
   -36     0   -15   -51     0   -41     0   -31   -53   -75     0   -29   -23   -70   -99     0     0   -94     0   -61     0     0     0    -9   -83     0     0   -10     0     0
    -7   -16     0   -84     0   -53   -31     0     0   -32     0     0   -24     0     0     0     0   -92     0   -73     0   -70   -95   -51   -66     0     0     0    -8     0
    -2     0     0     0     0     0   -53     0     0   -75     0   -35     0   -52   -16  -100   -86   -73   -94   -12     0   -45     0   -40   -43     0     0     0   -98     0
     0   -11   -39   -34   -91   -70   -75   -32   -75     0     0     0   -37     0     0   -27  -100   -83   -13     0     0     0   -50     0     0   -44   -57   -88   -56     0
   -67     0   -81   -82     0     0     0     0     0     0     0     0   -72     0   -11   -37   -74   -27     0   -24     0     0    -3   -19   -91     0   -52     0     0     0
   -31     0   -79     0   -25     0   -29     0   -35     0     0     0   -38     0   -81     0     0     0   -38   -86   -37   -69   -54   -70   -48   -35     0     0   -64   -43
     0     0   -29     0   -53   -88   -23   -24     0   -37   -72   -38     0   -96     0     0    -4   -40     0     0   -51     0     0     0     0   -52     0     0   -11   -91
   -28     0   -31   -82   -10   -29   -70     0   -52     0     0     0   -96     0     0     0     0     0   -44     0   -93   -20     0   -79     0     0   -86   -27     0   -10
   -22   -25   -44     0     0     0   -99     0   -16     0   -11   -81     0     0     0     0     0     0   -17     0     0   -18     0   -32   -36   -97   -41     0   -35     0
     0   -72     0   -82   -17   -47     0     0  -100   -27   -37     0     0     0     0     0   -58   -69     0    -3   -26     0     0   -93  -100   -27     0   -27     0  -100
   -96   -81    -3     0     0   -10     0     0   -86  -100   -74     0    -4     0     0   -58     0   -10   -45     0     0   -97   -94     0     0   -63     0   -70     0   -41
     0   -45   -63   -53     0   -86   -94   -92   -73   -83   -27     0   -40     0     0   -69   -10     0     0     0   -28     0     0   -42   -62     0     0   -47   -52    -5
   -30     0     0   -79   -64   -44     0     0   -94   -13     0   -38     0   -44   -17     0   -45     0     0   -29     0   -25     0   -95   -67     0     0    -8   -86   -74
   -12     0   -69   -74   -75     0   -61   -73   -12     0   -24   -86     0     0     0    -3     0     0   -29     0     0     0     0   -95     0   -92   -79     0     0     0
     0     0     0   -69   -29   -58     0     0     0     0     0   -37   -51   -93     0   -26     0   -28     0     0     0   -26     0   -73   -33     0   -61     0     0     0
     0   -39     0     0    -1   -84     0   -70   -45     0     0   -69     0   -20   -18     0   -97     0   -25     0   -26     0   -86   -81     0   -99   -69     0     0   -42
   -60   -74     0     0   -92   -50     0   -95     0   -50    -3   -54     0     0     0     0   -94     0     0     0     0   -86     0   -74     0   -86   -33   -17   -91     0
   -62     0     0     0   -80   -28    -9   -51   -40     0   -19   -70     0   -79   -32   -93     0   -42   -95   -95   -73   -81   -74     0     0     0   -58     0   -72     0
     0     0     0     0    -9     0   -83   -66   -43     0   -91   -48     0     0   -36  -100     0   -62   -67     0   -33     0     0     0     0     0     0   -34     0   -55
   -86   -59     0   -93     0   -48     0     0     0   -44     0   -35   -52     0   -97   -27   -63     0     0   -92     0   -99   -86     0     0     0   -95     0     0     0
   -68   -39   -87   -13     0    -3     0     0     0   -57   -52     0     0   -86   -41     0     0     0     0   -79   -61   -69   -33   -58     0   -95     0     0   -14     0
     0     0     0     0   -65     0   -10     0     0   -88     0     0     0   -27     0   -27   -70   -47    -8     0     0     0   -17     0   -34     0     0     0     0     0
     0     0   -46     0    -7   -51     0    -8   -98   -56     0   -64   -11     0   -35     0     0   -52   -86     0     0     0   -91   -72     0     0   -14     0     0     0
     0  -100     0     0   -37     0     0     0     0     0     0   -43   -91   -10     0  -100   -41    -5   -74     0     0   -42     0     0   -55     0     0     0     0     0
