QBPP_HJ-_40_050_06_5
40 356 126
20 35 43 2 32 36 35 35 12 10 10 42 13 19 1 48 37 28 13 37 25 37 14 22 11 38 14 29 23 47 30 27 32 6 50 22 37 33 43 18
     0   -55     0     0     0   -25   -56   -14     0     0    -4    -4     0   -76     0   -34     0   -98     0     0     0   -67     0     0     0     0    -1     0     0   -46   -41   -65     0   -86   -72     0     0   -19     0   -43
   -55     0     0     0   -12   -24     0   -81   -44   -21   -16     0     0   -17     0   -78   -81   -80   -19     0   -86   -69    -1   -56    -2   -33     0     0   -63     0     0     0   -59   -91   -28     0   -90     0     0   -56
     0     0     0     0     0     0     0     0    -8   -63   -32   -75    -2  -100     0   -35   -83     0     0     0    -7   -85     0     0   -37     0     0     0   -92     0     0     0  -100   -94   -12     0     0     0     0   -75
     0     0     0     0   -85     0     0    -1   -35     0   -61   -69   -26   -41     0   -45     0   -80     0   -49   -71   -49   -47   -85     0     0     0     0    -4     0     0   -89   -38   -49     0   -11   -85   -87   -94   -58
     0   -12     0   -85     0     0     0     0   -53   -37   -15     0    -1   -19   -67     0     0   -23     0     0    -5     0   -29     0   -89     0     0   -62   -16   -10   -82   -26   -71     0     0     0     0    -7   -51   -70
   -25   -24     0     0     0     0   -99     0     0    -1   -93   -96     0   -61     0   -26   -60     0    -3     0   -10     0   -36     0     0   -58   -37    -3   -59     0     0   -23   -76     0   -46   -61     0     0     0     0
   -56     0     0     0     0   -99     0   -91     0     0   -31   -84     0     0     0   -17   -34   -79     0   -97     0   -29  -100   -18    -8   -62     0     0    -9     0     0     0    -4   -64   -17     0     0   -66   -58   -54
   -14   -81     0    -1     0     0   -91     0   -20   -66     0   -51     0   -14   -21   -44   -59   -52   -58     0   -18     0     0   -12     0   -28     0   -66   -38   -17     0     0   -44    -9   -83   -61    -2   -78     0     0
     0   -44    -8   -35   -53     0     0   -20     0   -37   -16   -60     0     0    -7     0   -39     0   -55   -59     0     0   -30   -25   -56   -98     0     0     0   -51   -90     0     0     0   -64   -62   -19     0     0     0
     0   -21   -63     0   -37    -1     0   -66   -37     0   -21     0   -67     0    -2     0   -98   -25     0   -19     0    -3   -30    -4   -75     0   -70   -79   -35   -65     0   -93     0     0   -36   -95     0   -28   -95     0
    -4   -16   -32   -61   -15   -93   -31     0   -16   -21     0   -18   -49     0   -39     0   -84   -55     0     0     0   -60   -26     0   -58   -80     0   -50     0   -59   -18     0     0     0   -97     0     0   -45     0   -14
    -4     0   -75   -69     0   -96   -84   -51   -60     0   -18     0     0     0   -86     0     0   -25     0     0     0   -19   -56     0    -3   -19   -25   -64     0   -91     0     0   -32   -50     0     0     0   -53     0     0
     0     0    -2   -26    -1     0     0     0     0   -67   -49     0     0     0   -72     0     0     0     0   -54   -22     0   -92     0   -34  -100     0   -23   -41     0     0     0     0     0   -62   -48   -52   -92   -72   -17
   -76   -17  -100   -41   -19   -61     0   -14     0     0     0     0     0     0     0   -52   -66     0     0   -29     0   -19     0   -59  -100     0     0     0     0     0     0     0   -15   -36     0   -55     0   -88   -47   -72
     0     0     0     0   -67     0     0   -21    -7    -2   -39   -86   -72     0     0     0     0     0   -30   -51   -65   -48   -59   -87     0     0   -21     0   -59     0    -4     0   -30    -3   -16     0   -50     0   -45     0
   -34   -78   -35   -45     0   -26   -17   -44     0     0     0     0     0   -52     0     0     0     0   -69   -51   -44     0     0     0     0     0     0     0   -51     0     0     0     0     0    -2     0     0   -81   -57   -73
     0   -81   -83     0     0   -60   -34   -59   -39   -98   -84     0     0   -66     0     0     0   -23   -52   -77   -60   -72   -80   -74     0     0     0   -29   -49    -5   -25   -45   -45     0     0   -71     0   -50   -86   -74
   -98   -80     0   -80   -23     0   -79   -52     0   -25   -55   -25     0     0     0     0   -23     0   -14     0     0     0   -73   -10   -88     0   -14   -67     0   -87   -88   -53     0     0     0     0   -74   -72     0     0
     0   -19     0     0     0    -3     0   -58   -55     0     0     0     0     0   -30   -69   -52   -14     0   -87     0     0   -82   -15     0   -46   -67   -60   -45     0     0   -93     0   -45     0   -59   -86     0   -83     0
     0     0     0   -49     0     0   -97     0   -59   -19     0     0   -54   -29   -51   -51   -77     0   -87     0     0     0     0   -70   -13    -8     0   -81   -21    -2   -42   -40   -45     0   -84     0   -78     0   -71   -77
     0   -86    -7   -71    -5   -10     0   -18     0     0     0     0   -22     0   -65   -44   -60     0     0     0     0   -99     0   -72     0   -40     0   -83   -81     0     0     0     0     0   -50   -64     0    -7   -32   -53
   -67   -69   -85   -49     0     0   -29     0     0    -3   -60   -19     0   -19   -48     0   -72     0     0     0   -99     0   -94   -73   -26     0     0   -12    -3     0   -29   -77     0     0     0     0   -80     0   -22     0
     0    -1     0   -47   -29   -36  -100     0   -30   -30   -26   -56   -92     0   -59     0   -80   -73   -82     0     0   -94     0     0     0     0     0   -86   -75   -27     0   -25     0   -19     0   -10    -3   -69     0   -71
     0   -56     0   -85     0     0   -18   -12   -25    -4     0     0     0   -59   -87     0   -74   -10   -15   -70   -72   -73     0     0   -29   -65     0     0     0    -6   -46   -52    -2     0   -14     0     0     0     0     0
     0    -2   -37     0   -89     0    -8     0   -56   -75   -58    -3   -34  -100     0     0     0   -88     0   -13     0   -26     0   -29     0     0     0     0     0   -82   -96     0     0     0   -15     0     0     0   -72     0
     0   -33     0     0     0   -58   -62   -28   -98     0   -80   -19  -100     0     0     0     0     0   -46    -8   -40     0     0   -65     0     0     0   -16     0     0     0     0   -41     0   -51     0   -13   -22     0   -81
    -1     0     0     0     0   -37     0     0     0   -70     0   -25     0     0   -21     0     0   -14   -67     0     0     0     0     0     0     0     0   -69   -50   -88     0     0     0     0   -11     0   -96     0   -66     0
     0     0     0     0   -62    -3     0   -66     0   -79   -50   -64   -23     0     0     0   -29   -67   -60   -81   -83   -12   -86     0     0   -16   -69     0    -4     0   -15   -42   -37     0     0     0     0   -33    -9     0
     0   -63   -92    -4   -16   -59    -9   -38     0   -35     0     0   -41     0   -59   -51   -49     0   -45   -21   -81    -3   -75     0     0     0   -50    -4     0     0     0     0   -56   -89     0     0   -49     0     0     0
   -46     0     0     0   -10     0     0   -17   -51   -65   -59   -91     0     0     0     0    -5   -87     0    -2     0     0   -27    -6   -82     0   -88     0     0     0   -82     0   -67   -32     0    -9   -55     0   -52     0
   -41     0     0     0   -82     0     0     0   -90     0   -18     0     0     0    -4     0   -25   -88     0   -42     0   -29     0   -46   -96     0     0   -15     0   -82     0   -77   -35     0   -54   -90     0     0     0     0
   -65     0     0   -89   -26   -23     0     0     0   -93     0     0     0     0     0     0   -45   -53   -93   -40     0   -77   -25   -52     0     0     0   -42     0     0   -77     0   -30     0   -58   -15     0   -40   -89     0
     0   -59  -100   -38   -71   -76    -4   -44     0     0     0   -32     0   -15   -30     0   -45     0     0   -45     0     0     0    -2     0   -41     0   -37   -56   -67   -35   -30     0   -40     0    -1     0     0   -95     0
   -86   -91   -94   -49     0     0   -64    -9     0     0     0   -50     0   -36    -3     0     0     0   -45     0     0     0   -19     0     0     0     0     0   -89   -32     0     0   -40     0    -6   -21     0   -60     0     0
   -72   -28   -12     0     0   -46   -17   -83   -64   -36   -97     0   -62     0   -16    -2     0     0     0   -84   -50     0     0   -14   -15   -51   -11     0     0     0   -54   -58     0    -6     0     0     0     0   -35     0
     0     0     0   -11     0   -61     0   -61   -62   -95     0     0   -48   -55     0     0   -71     0   -59     0   -64     0   -10     0     0     0     0     0     0    -9   -90   -15    -1   -21     0     0   -95     0   -24   -44
     0   -90     0   -85     0     0     0    -2   -19     0     0     0   -52     0   -50     0     0   -74   -86   -78     0   -80    -3     0     0   -13   -96     0   -49   -55     0     0     0     0     0   -95     0   -37     0     0
   -19     0     0   -87    -7     0   -66   -78     0   -28   -45   -53   -92   -88     0   -81   -50   -72     0     0    -7     0   -69     0     0   -22     0   -33     0     0     0   -40     0   -60     0     0   -37     0     0    -6
     0     0     0   -94   -51     0   -58     0     0   -95     0     0   -72   -47   -45   -57   -86     0   -83   -71   -32   -22     0     0   -72     0   -66    -9     0   -52     0   -89   -95     0   -35   -24     0     0     0   -94
   -43   -56   -75   -58   -70     0   -54     0     0     0   -14     0   -17   -72     0   -73   -74     0     0   -77   -53     0   -71     0     0   -81     0     0     0     0     0     0     0     0     0   -44     0    -6   -94     0
