QBPP_HJ-_30_075_06_5
30 272 177
40 12 19 20 32 6 17 35 50 47 15 24 15 22 47 32 50 49 3 44 37 29 49 3 44 31 14 27 2 1
     0   -90   -33    -8   -95     0     0   -19   -44   -18   -24     0   -24   -32   -49   -16     0   -24     0     0     0    -1   -24   -72    -1     0     0   -82   -33   -40
   -90     0   -88   -47     0     0   -36    -1   -55   -92   -18    -8   -52     0   -37   -67   -87     0   -72   -79   -65     0   -13   -49    -9   -83   -90     0   -91   -47
   -33   -88     0   -16   -34   -77     0   -45   -75     0   -17    -4   -25   -58   -81   -50     0   -27   -26   -33    -9    -1   -93   -26   -73   -59   -79   -17   -27     0
    -8   -47   -16     0   -47   -78   -32   -46   -24   -93   -30     0     0   -91   -39     0     0   -53   -42   -56   -11   -37   -17   -47   -26   -16   -79    -1     0     0
   -95     0   -34   -47     0   -24   -30   -31   -28   -68   -97     0    -7   -22     0     0     0   -99   -76   -42   -76   -79   -87   -74     0   -64     0   -41     0     0
     0     0   -77   -78   -24     0   -95   -36   -59   -40   -18   -87   -30   -31   -65    -8   -98   -32   -13   -33     0   -39   -12   -91   -21   -84     0   -69    -4   -64
     0   -36     0   -32   -30   -95     0   -39   -56   -18   -98   -91    -3   -97   -67   -95   -83   -47   -87   -69   -81     0     0     0   -28     0   -18   -32   -23   -54
   -19    -1   -45   -46   -31   -36   -39     0   -89     0   -52   -14     0   -26   -16     0   -74     0   -23     0   -36   -49   -86   -44   -69   -71     0    -9   -54     0
   -44   -55   -75   -24   -28   -59   -56   -89     0  -100   -94   -28   -77   -98     0   -14     0   -48   -24   -86     0     0   -28     0   -23   -20   -98     0     0     0
   -18   -92     0   -93   -68   -40   -18     0  -100     0   -72   -61     0   -99   -36     0   -10   -79   -76   -59   -65     0   -89   -92   -69    -7     0     0   -71   -47
   -24   -18   -17   -30   -97   -18   -98   -52   -94   -72     0   -31   -50   -73     0   -69   -43   -26   -63   -96     0   -75   -16     0     0   -60   -92   -58   -44   -75
     0    -8    -4     0     0   -87   -91   -14   -28   -61   -31     0   -47   -59   -45     0   -14     0     0     0     0   -15     0   -40     0     0    -9   -48   -14   -53
   -24   -52   -25     0    -7   -30    -3     0   -77     0   -50   -47     0   -35   -40   -12    -3    -3   -60   -67   -81   -52   -92   -19   -71   -14   -66   -57  -100   -46
   -32     0   -58   -91   -22   -31   -97   -26   -98   -99   -73   -59   -35     0   -78     0   -29   -21   -43     0   -28   -39   -74   -83   -35   -27   -22    -1   -65   -67
   -49   -37   -81   -39     0   -65   -67   -16     0   -36     0   -45   -40   -78     0   -56    -1     0   -74     0   -36     0   -72   -62     0   -61   -82   -12   -61    -8
   -16   -67   -50     0     0    -8   -95     0   -14     0   -69     0   -12     0   -56     0   -97   -94     0     0    -2   -94     0   -34     0   -40     0   -83   -52   -86
     0   -87     0     0     0   -98   -83   -74     0   -10   -43   -14    -3   -29    -1   -97     0   -86   -88   -19     0   -59   -77   -49   -42   -31    -8     0     0   -73
   -24     0   -27   -53   -99   -32   -47     0   -48   -79   -26     0    -3   -21     0   -94   -86     0   -10   -79   -12   -44   -87   -66   -34     0   -89   -23     0    -2
     0   -72   -26   -42   -76   -13   -87   -23   -24   -76   -63     0   -60   -43   -74     0   -88   -10     0    -7   -99   -97   -65     0   -41     0   -32   -40   -95   -44
     0   -79   -33   -56   -42   -33   -69     0   -86   -59   -96     0   -67     0     0     0   -19   -79    -7     0   -24   -48   -35     0   -81   -41   -23   -87   -71     0
     0   -65    -9   -11   -76     0   -81   -36     0   -65     0     0   -81   -28   -36    -2     0   -12   -99   -24     0   -28     0   -42    -7     0   -72   -41   -20   -65
    -1     0    -1   -37   -79   -39     0   -49     0     0   -75   -15   -52   -39     0   -94   -59   -44   -97   -48   -28     0     0   -18     0   -97    -8   -31   -22   -28
   -24   -13   -93   -17   -87   -12     0   -86   -28   -89   -16     0   -92   -74   -72     0   -77   -87   -65   -35     0     0     0   -47   -58     0    -2     0   -14   -98
   -72   -49   -26   -47   -74   -91     0   -44     0   -92     0   -40   -19   -83   -62   -34   -49   -66     0     0   -42   -18   -47     0     0   -59     0   -11   -14    -4
    -1    -9   -73   -26     0   -21   -28   -69   -23   -69     0     0   -71   -35     0     0   -42   -34   -41   -81    -7     0   -58     0     0     0   -84   -89     0   -77
     0   -83   -59   -16   -64   -84     0   -71   -20    -7   -60     0   -14   -27   -61   -40   -31     0     0   -41     0   -97     0   -59     0     0   -80    -9     0   -85
     0   -90   -79   -79     0     0   -18     0   -98     0   -92    -9   -66   -22   -82     0    -8   -89   -32   -23   -72    -8    -2     0   -84   -80     0    -5     0     0
   -82     0   -17    -1   -41   -69   -32    -9     0     0   -58   -48   -57    -1   -12   -83     0   -23   -40   -87   -41   -31     0   -11   -89    -9    -5     0   -28   -79
   -33   -91   -27     0     0    -4   -23   -54     0   -71   -44   -14  -100   -65   -61   -52     0     0   -95   -71   -20   -22   -14   -14     0     0     0   -28     0     0
   -40   -47     0     0     0   -64   -54     0     0   -47   -75   -53   -46   -67    -8   -86   -73    -2   -44     0   -65   -28   -98    -4   -77   -85     0   -79     0     0
