QBPP_HJ+_35_075_10_3
35 138 802
4 11 10 36 46 33 14 21 4 30 48 23 4 28 27 27 7 17 46 21 34 7 31 7 7 8 12 30 21 23 7 3 23 12 4
    0   54   94   97    0   77    0    0    0   18    0   66    0   36   77   90   73    0   58    0   52   37   55   90   70    4   30    0   72   64    0    9    2   62    0
   54    0    2    0   98   12   55   42    0    0   25    0    0   97    0   50    0   92   44    0   83    0   94   52   73   22    0   95    0   75   31   28   94   25   84
   94    2    0   70   75   76   77   89  100   70   72   83    0    2    6   51    0    0    0   24   99   95   97    0   83   71   12   60    0    0   81   58    4   41   72
   97    0   70    0   71   46   84   30    0   33   91   71    6    0   54   32    0    0   46    0    0   81   70    0   95   77   78   87   75   62   46   52   34   94   41
    0   98   75   71    0   38    0   69   96    0    0   39    0   66    0    0   22    8    0   69   69    0    0    0   65   99   46   39    0   93   31    0   52    0   73
   77   12   76   46   38    0   19   17    0   91    0   19   90    0   38   24   46    0   32    0   50   93    1   24   30   76   38   12   96   58    0   74   11    6   96
    0   55   77   84    0   19    0    0   50   27   27   67    0    1   19   76    0   45    0   10   68    0    0   55    7   75   33    0   96   60   20   18   28   83   88
    0   42   89   30   69   17    0    0    0   81    0   84    0    0    6   53   87   14   75   77    0    0   61   61   10    0   46   33    0   40   90    0   87   90   69
    0    0  100    0   96    0   50    0    0   93   15    0   44   60   99   66   72   15    0    0    0    1    0   64   61    0    7   94   29   23   62   16    0   92    0
   18    0   70   33    0   91   27   81   93    0    0    6    0   59    0   42   93   72    1    0   68   76    0   64   31   81   66   38   70    0   82   93   30   36   33
    0   25   72   91    0    0   27    0   15    0    0   90   67   59   61   27    0   75    0    0   31    0    0    0    0    0   90   38   22    0    4    1   34   42   55
   66    0   83   71   39   19   67   84    0    6   90    0   29   92    0   21   24   21    0   90  100   78   83   53   61  100   82   91    0   27    6   95    0    3   76
    0    0    0    6    0   90    0    0   44    0   67   29    0    3   28   92    0    0   44   38   29   59   59    3    0   27   33   85    0   58    0    0   55    0   52
   36   97    2    0   66    0    1    0   60   59   59   92    3    0   67   11    0   54   94    0   23   32   61    0    0    9    0    0   32   61   23   33    4   63   22
   77    0    6   54    0   38   19    6   99    0   61    0   28   67    0    0   70    0   87    0   54   68   84   53   75   93   19    0   89    0    0    0    0   67   39
   90   50   51   32    0   24   76   53   66   42   27   21   92   11    0    0    0    0   16   25   45    0    0    9    0   91   88   42   33    4   82   26   48    0    4
   73    0    0    0   22   46    0   87   72   93    0   24    0    0   70    0    0    0    0   30   53    0   25   20   90    0   42   78    0   50   70   57   80   38    0
    0   92    0    0    8    0   45   14   15   72   75   21    0   54    0    0    0    0   94   21   84   72    0   15   17   31   92   31    0   12   80    0    0   78   99
   58   44    0   46    0   32    0   75    0    1    0    0   44   94   87   16    0   94    0    0   30   70   22   34   19    0   23    2   31   46   57   25   95    0   52
    0    0   24    0   69    0   10   77    0    0    0   90   38    0    0   25   30   21    0    0   51   53   22    6    0   10    0   47   54   64   11   88    0   16   78
   52   83   99    0   69   50   68    0    0   68   31  100   29   23   54   45   53   84   30   51    0   20    0   26   13   67   36   26    0   46   36   78    0   21    4
   37    0   95   81    0   93    0    0    1   76    0   78   59   32   68    0    0   72   70   53   20    0   37   68   46    0   82    0   81   57   43   27   98   38   23
   55   94   97   70    0    1    0   61    0    0    0   83   59   61   84    0   25    0   22   22    0   37    0    0   25   44   55   52   15   84   81   10    3   94   21
   90   52    0    0    0   24   55   61   64   64    0   53    3    0   53    9   20   15   34    6   26   68    0    0    1    0  100    0   11   54   24    0   46    0   31
   70   73   83   95   65   30    7   10   61   31    0   61    0    0   75    0   90   17   19    0   13   46   25    1    0    0   56   61   72   32   86    1   89   27   93
    4   22   71   77   99   76   75    0    0   81    0  100   27    9   93   91    0   31    0   10   67    0   44    0    0    0   28   49   77   65    0   83   50    2   98
   30    0   12   78   46   38   33   46    7   66   90   82   33    0   19   88   42   92   23    0   36   82   55  100   56   28    0   86    0   38   90   31    2   75   19
    0   95   60   87   39   12    0   33   94   38   38   91   85    0    0   42   78   31    2   47   26    0   52    0   61   49   86    0    0   31   76   31    3   24   26
   72    0    0   75    0   96   96    0   29   70   22    0    0   32   89   33    0    0   31   54    0   81   15   11   72   77    0    0    0    0   76    0   80   20  100
   64   75    0   62   93   58   60   40   23    0    0   27   58   61    0    4   50   12   46   64   46   57   84   54   32   65   38   31    0    0   16   62   65   58   98
    0   31   81   46   31    0   20   90   62   82    4    6    0   23    0   82   70   80   57   11   36   43   81   24   86    0   90   76   76   16    0   68    0   16    0
    9   28   58   52    0   74   18    0   16   93    1   95    0   33    0   26   57    0   25   88   78   27   10    0    1   83   31   31    0   62   68    0   52   46    2
    2   94    4   34   52   11   28   87    0   30   34    0   55    4    0   48   80    0   95    0    0   98    3   46   89   50    2    3   80   65    0   52    0    9   88
   62   25   41   94    0    6   83   90   92   36   42    3    0   63   67    0   38   78    0   16   21   38   94    0   27    2   75   24   20   58   16   46    9    0   20
    0   84   72   41   73   96   88   69    0   33   55   76   52   22   39    4    0   99   52   78    4   23   21   31   93   98   19   26  100   98    0    2   88   20    0
