QBPP_HJ*_30_050_20_3
30 77 241
49 2 23 4 22 47 48 20 38 9 34 21 17 29 41 28 20 16 41 19 20 42 12 35 27 8 50 1 2 40
    0   47    0  -42   28    0   34  -41   23    2    0    0    0    0    0   19   42    0    9  -47    0    9  -12  -49  -17    0   -2   24    0    0
   47    0    0    5  -43   32    0    0    0  -31    0    0   24    0    0  -35    2  -26   13  -21    0  -44   27    0  -49    0   45    0    0    0
    0    0    0   34    0    0    0  -42   47    0    0    0   24  -28   30   29    0  -10    0  -34    0  -38   46  -15   34  -12  -35    0  -19    0
  -42    5   34    0   20  -10    8    0   19    0    0  -23  -12  -11    0   21    0    0   10    0   49    0    0    0    0    0   -2  -39    0   20
   28  -43    0   20    0   14    0  -30    0  -24  -26  -32   10    4  -29  -46    0    0   46   11    0   47    0    0  -48    0    0    0   38    0
    0   32    0  -10   14    0    0   24    0    0    0    0    0    0  -42    0    0  -21    0    8   -9   19    0    0    0   11    0    0    0   43
   34    0    0    8    0    0    0  -21  -26  -49  -30    0    0    0    0    0    0    0    0    0    0   11   48    0    0   37   26   31   50   50
  -41    0  -42    0  -30   24  -21    0  -23    0    0    0    0    0   -1    0   41  -22    0  -23    0   12  -45    0    0    0    0    0  -19   12
   23    0   47   19    0    0  -26  -23    0    0   48  -28    0    0   48    0    0  -48    0   35   34    0    0    0    0   32    0    0    0   49
    2  -31    0    0  -24    0  -49    0    0    0    0    0  -31  -31   46   19    4    0    0    0    0    0   14    0   40    0  -22    0   29    0
    0    0    0    0  -26    0  -30    0   48    0    0    0    0    7  -15   42   -7    0    0    0    0   14    0   -7  -43  -36    9   17   24   15
    0    0    0  -23  -32    0    0    0  -28    0    0    0  -21  -35    0    0  -30    0   37    0   24    0    5    0  -30    0    0    0    0    9
    0   24   24  -12   10    0    0    0    0  -31    0  -21    0    7   41    0   35    0    0    0  -50    0    0    0   13  -11    0   26   34   -7
    0    0  -28  -11    4    0    0    0    0  -31    7  -35    7    0  -22    0   26    0   41   11    0   36    0   23   49   42   22   13  -39   27
    0    0   30    0  -29  -42    0   -1   48   46  -15    0   41  -22    0   27    0    0   46    0    0    1   44   12    0    0    0    0   26    0
   19  -35   29   21  -46    0    0    0    0   19   42    0    0    0   27    0   26    0    0   37    0    0  -31    0    0  -18   13  -37    0    0
   42    2    0    0    0    0    0   41    0    4   -7  -30   35   26    0   26    0    0    0    0    0    0    0    0    0    0  -23    0    5    0
    0  -26  -10    0    0  -21    0  -22  -48    0    0    0    0    0    0    0    0    0    0    0    0  -18   42    0    0    0  -28    0  -21    0
    9   13    0   10   46    0    0    0    0    0    0   37    0   41   46    0    0    0    0   -7   -9  -46   -6   23   21    0    0    0    0   25
  -47  -21  -34    0   11    8    0  -23   35    0    0    0    0   11    0   37    0    0   -7    0    7    0   29    0   13    0    0  -20  -12   36
    0    0    0   49    0   -9    0    0   34    0    0   24  -50    0    0    0    0    0   -9    7    0   37    0    0  -40    0    0   30  -46    0
    9  -44  -38    0   47   19   11   12    0    0   14    0    0   36    1    0    0  -18  -46    0   37    0   39    5    0   13  -47    1    0   -3
  -12   27   46    0    0    0   48  -45    0   14    0    5    0    0   44  -31    0   42   -6   29    0   39    0    0    0    0    0    0    0    0
  -49    0  -15    0    0    0    0    0    0    0   -7    0    0   23   12    0    0    0   23    0    0    5    0    0    0  -46   49  -10    0    0
  -17  -49   34    0  -48    0    0    0    0   40  -43  -30   13   49    0    0    0    0   21   13  -40    0    0    0    0    0    0    8  -15   27
    0    0  -12    0    0   11   37    0   32    0  -36    0  -11   42    0  -18    0    0    0    0    0   13    0  -46    0    0    0    0   46    0
   -2   45  -35   -2    0    0   26    0    0  -22    9    0    0   22    0   13  -23  -28    0    0    0  -47    0   49    0    0    0    0    5    0
   24    0    0  -39    0    0   31    0    0    0   17    0   26   13    0  -37    0    0    0  -20   30    1    0  -10    8    0    0    0    0  -36
    0    0  -19    0   38    0   50  -19    0   29   24    0   34  -39   26    0    5  -21    0  -12  -46    0    0    0  -15   46    5    0    0    0
    0    0    0   20    0   43   50   12   49    0   15    9   -7   27    0    0    0    0   25   36    0   -3    0    0   27    0    0  -36    0    0
