QBPP_HJ-_30_075_20_2
30 80 5490
29 43 39 14 47 33 35 5 24 4 24 12 20 43 12 36 3 32 27 6 7 46 22 28 31 35 26 44 46 27
     0   -88   -75   -91   -76   -19    -8   -20    -8     0     0     0   -14   -22   -78     0   -45     0     0   -56     0     0   -13   -79   -52   -17    -8   -50   -80   -61
   -88     0     0     0   -68   -40     0     0   -25   -74     0   -11     0   -96   -46     0    -8   -25     0    -2  -100     0    -7   -41   -95   -71     0   -49     0     0
   -75     0     0   -67     0   -87     0   -44   -79   -67    -8   -25   -60    -5   -99   -31   -34    -7   -10   -50   -33   -55   -47     0     0     0     0     0   -55     0
   -91     0   -67     0   -47  -100   -92     0   -12   -36   -69   -84   -12    -9   -66     0   -39   -58   -64   -89   -70     0     0   -42   -25   -50    -5     0   -79     0
   -76   -68     0   -47     0   -42     0   -44   -64   -25     0   -35   -15     0   -53   -44   -32    -9   -41   -11   -21   -75     0   -47   -92     0   -16   -96  -100     0
   -19   -40   -87  -100   -42     0     0   -28   -82   -43   -68   -48     0   -69   -47     0   -20   -15    -6     0   -40   -11   -85   -95   -64     0   -27     0     0   -31
    -8     0     0   -92     0     0     0   -20     0   -52   -25    -9   -96     0   -32   -10   -62   -95    -2   -25   -71   -95   -96   -85   -30   -84     0   -96   -72   -19
   -20     0   -44     0   -44   -28   -20     0   -79     0   -96     0   -30   -42   -74   -63   -50   -72   -38   -32   -62   -19     0   -78   -18   -30   -43   -19   -78     0
    -8   -25   -79   -12   -64   -82     0   -79     0     0     0   -11   -38   -93   -29   -24   -36     0     0   -90   -72   -51   -22   -93   -48     0   -36   -81   -53   -80
     0   -74   -67   -36   -25   -43   -52     0     0     0    -8   -31     0    -9   -67   -63    -6   -33   -42     0   -34   -98     0     0   -80     0   -14   -56   -57   -57
     0     0    -8   -69     0   -68   -25   -96     0    -8     0   -38   -18   -17   -97     0   -37     0    -2   -95     0   -94     0     0   -56   -58   -96   -29   -84   -97
     0   -11   -25   -84   -35   -48    -9     0   -11   -31   -38     0   -21   -13   -48   -80   -44   -92   -50   -92   -91   -36     0     0   -87   -65     0    -5    -4     0
   -14     0   -60   -12   -15     0   -96   -30   -38     0   -18   -21     0    -7     0   -27     0   -28   -38   -33   -91   -76   -78   -28   -10    -1   -98   -91   -80   -75
   -22   -96    -5    -9     0   -69     0   -42   -93    -9   -17   -13    -7     0   -45   -26   -48   -88   -77   -26   -48   -88     0   -39   -86   -37   -62   -15     0   -28
   -78   -46   -99   -66   -53   -47   -32   -74   -29   -67   -97   -48     0   -45     0   -97   -28   -66   -55   -54     0   -26     0   -42   -37   -41    -3   -38     0   -97
     0     0   -31     0   -44     0   -10   -63   -24   -63     0   -80   -27   -26   -97     0   -97   -71   -64   -48   -97   -85   -43   -41   -29   -87   -44    -4   -94     0
   -45    -8   -34   -39   -32   -20   -62   -50   -36    -6   -37   -44     0   -48   -28   -97     0   -28     0     0    -8   -53     0     0     0     0  -100  -100  -100   -79
     0   -25    -7   -58    -9   -15   -95   -72     0   -33     0   -92   -28   -88   -66   -71   -28     0  -100   -40   -52   -34   -30    -3   -61     0   -38     0   -77   -73
     0     0   -10   -64   -41    -6    -2   -38     0   -42    -2   -50   -38   -77   -55   -64     0  -100     0   -87   -37    -6   -53     0     0     0   -23     0    -8   -56
   -56    -2   -50   -89   -11     0   -25   -32   -90     0   -95   -92   -33   -26   -54   -48     0   -40   -87     0   -79  -100     0   -23   -54     0   -34     0     0     0
     0  -100   -33   -70   -21   -40   -71   -62   -72   -34     0   -91   -91   -48     0   -97    -8   -52   -37   -79     0     0  -100     0   -65     0   -96   -14     0     0
     0     0   -55     0   -75   -11   -95   -19   -51   -98   -94   -36   -76   -88   -26   -85   -53   -34    -6  -100     0     0   -32    -6   -81     0   -19   -63   -43   -62
   -13    -7   -47     0     0   -85   -96     0   -22     0     0     0   -78     0     0   -43     0   -30   -53     0  -100   -32     0   -25   -11     0    -6   -85   -32   -33
   -79   -41     0   -42   -47   -95   -85   -78   -93     0     0     0   -28   -39   -42   -41     0    -3     0   -23     0    -6   -25     0   -19   -25   -87   -82   -85     0
   -52   -95     0   -25   -92   -64   -30   -18   -48   -80   -56   -87   -10   -86   -37   -29     0   -61     0   -54   -65   -81   -11   -19     0    -6   -65   -34   -12     0
   -17   -71     0   -50     0     0   -84   -30     0     0   -58   -65    -1   -37   -41   -87     0     0     0     0     0     0     0   -25    -6     0     0   -36   -61   -95
    -8     0     0    -5   -16   -27     0   -43   -36   -14   -96     0   -98   -62    -3   -44  -100   -38   -23   -34   -96   -19    -6   -87   -65     0     0   -94   -33   -90
   -50   -49     0     0   -96     0   -96   -19   -81   -56   -29    -5   -91   -15   -38    -4  -100     0     0     0   -14   -63   -85   -82   -34   -36   -94     0   -34   -22
   -80     0   -55   -79  -100     0   -72   -78   -53   -57   -84    -4   -80     0     0   -94  -100   -77    -8     0     0   -43   -32   -85   -12   -61   -33   -34     0   -90
   -61     0     0     0     0   -31   -19     0   -80   -57   -97     0   -75   -28   -97     0   -79   -73   -56     0     0   -62   -33     0     0   -95   -90   -22   -90     0
