QBPP_HJ*_25_075_06_4
25 211 12
9 1 36 21 9 4 21 11 40 1 37 28 36 44 41 26 42 45 29 3 37 14 36 23 38
    0    0  -37    0  -32  -13    0  -24    0  -45   26   28  -11   27   28  -42   30   27   13  -34   31   37   37    5   18
    0    0    0    0  -10  -39  -13    0   42  -46   -6    7    0   43    0    0  -47   42   10   28   10  -26    0   28    0
  -37    0    0  -16    0    0   47   18  -17   -2  -45    0    0  -40    2   10   15  -43    0    0   33   34  -23  -50   20
    0    0  -16    0  -42   11    0    0   16   48    0   23    0   43    2  -38    0    3  -43    0   30    0   40  -39    0
  -32  -10    0  -42    0   16   42   30   -4   27    1  -11  -31   17    0   -4   -6    0  -48  -31    0   39    0  -24  -34
  -13  -39    0   11   16    0  -48   49   -1   46   34    0  -39  -32  -43  -17   -5   29   31    0   12    0    0    0  -35
    0  -13   47    0   42  -48    0   18   34   26   22    5   12   19    0  -23   -6    0  -12   40    0  -10    0   42  -49
  -24    0   18    0   30   49   18    0  -32  -34   32   30   49   29  -23   24    0    0  -47    9    0    0   45  -34    0
    0   42  -17   16   -4   -1   34  -32    0    0  -14    0   43    7    0   36    0    2   -2    0   -1   24    0    0   46
  -45  -46   -2   48   27   46   26  -34    0    0   27  -39  -19    0   36  -18    0   40   41   32   47   46  -13   49   46
   26   -6  -45    0    1   34   22   32  -14   27    0   15   26   24  -10   37   35  -36   36   -2    0   20   47   12    2
   28    7    0   23  -11    0    5   30    0  -39   15    0  -50  -47  -49    0   10   -9   42   38  -26    0   27    7   18
  -11    0    0    0  -31  -39   12   49   43  -19   26  -50    0  -39   11   42    0   39  -32   -2   15  -18  -36   -1    0
   27   43  -40   43   17  -32   19   29    7    0   24  -47  -39    0   40   -4    0  -46    0  -36   -2    0   -1  -19  -22
   28    0    2    2    0  -43    0  -23    0   36  -10  -49   11   40    0   11    0   26    0    0    7   10   25   42    0
  -42    0   10  -38   -4  -17  -23   24   36  -18   37    0   42   -4   11    0   19   34   48  -14   47    0   48  -42  -40
   30  -47   15    0   -6   -5   -6    0    0    0   35   10    0    0    0   19    0    0  -21    0   13   -1  -39    0   20
   27   42  -43    3    0   29    0    0    2   40  -36   -9   39  -46   26   34    0    0  -29   35  -43   -9   28  -36  -32
   13   10    0  -43  -48   31  -12  -47   -2   41   36   42  -32    0    0   48  -21  -29    0   12  -27   47  -43   11    7
  -34   28    0    0  -31    0   40    9    0   32   -2   38   -2  -36    0  -14    0   35   12    0   44   22   50    0  -19
   31   10   33   30    0   12    0    0   -1   47    0  -26   15   -2    7   47   13  -43  -27   44    0    6  -43  -10  -25
   37  -26   34    0   39    0  -10    0   24   46   20    0  -18    0   10    0   -1   -9   47   22    6    0   20   47  -43
   37    0  -23   40    0    0    0   45    0  -13   47   27  -36   -1   25   48  -39   28  -43   50  -43   20    0  -22  -23
    5   28  -50  -39  -24    0   42  -34    0   49   12    7   -1  -19   42  -42    0  -36   11    0  -10   47  -22    0  -33
   18    0   20    0  -34  -35  -49    0   46   46    2   18    0  -22    0  -40   20  -32    7  -19  -25  -43  -23  -33    0
