QBPP_HJ+_30_050_06_3
30 325 113
19 22 42 45 37 47 50 10 17 18 31 47 49 40 6 41 34 36 43 48 11 18 41 42 47 7 35 30 37 23
    0   96   47    0    0   48    0    0    0    0    0    0   94   95   35    7   26   78    0    0    6    0   69   23   92    0   46   86    0    6
   96    0    0   80   68   16    0    0   84    0    0   92    0    0    0   40    0    0    0   24    0   53    0   19    0   72   18    0    0   26
   47    0    0   39   37   59   39    0   66    0   78   34   32   49    0    6   87    0    0   23    0    0    0    9   50    0   11    6   76    0
    0   80   39    0   55   96   23    0   58   35   54    0    0   68    0   94    0   36    0    0   34   63    0    0   96   58    3    0   56    0
    0   68   37   55    0    0   42    0    0    0    0    1   32    0   85    0   57    0   49    0    0   30    0    0    0    0    0   23   28    0
   48   16   59   96    0    0   61    0   30    0    0    0    0    0    0   86   76   46    0    0    0    0   25   40   37   95   88    0   37    0
    0    0   39   23   42   61    0    0    0   19    0   23    0    0   14    0    0    0   48   43   66   58    0   49    0   86   87    0    0   78
    0    0    0    0    0    0    0    0   81    0    0   11    0   74   52   85    0   74   74    0    0   24    0   49    0    0   97   12    0    0
    0   84   66   58    0   30    0   81    0    0    0   54    0   40   49   71   35    0   68   27    5   57   84   22    0    0   47   28   30    0
    0    0    0   35    0    0   19    0    0    0   44   75    8   24    0    0    9    7    0    0    3   92    0    0    0   34    0   38   93    0
    0    0   78   54    0    0    0    0    0   44    0   30   97   49   70    0    0    0   56   94   96    0    0   21    0   76    0    0    0   93
    0   92   34    0    1    0   23   11   54   75   30    0    0    0    0    0    0    0    0    0    0    0   60   59   81    0    0    0    0    0
   94    0   32    0   32    0    0    0    0    8   97    0    0    0    0    0   50    0    0    0    2   14   24    5   83    2    0   94   81   63
   95    0   49   68    0    0    0   74   40   24   49    0    0    0   19    0    0    0    0   66   85   27    0    0    0    0    0    0    0   12
   35    0    0    0   85    0   14   52   49    0   70    0    0   19    0    0   42   16   45    0    0    0    0    0   49   75   68    0    0   25
    7   40    6   94    0   86    0   85   71    0    0    0    0    0    0    0   75    0    0    0    0    0   58   33    0    0    0   10   56   12
   26    0   87    0   57   76    0    0   35    9    0    0   50    0   42   75    0    0    0    0    0    0    0    0    0    0   68    0   69   78
   78    0    0   36    0   46    0   74    0    7    0    0    0    0   16    0    0    0   76   32   90   48   90    0   68   23   10    0   46    0
    0    0    0    0   49    0   48   74   68    0   56    0    0    0   45    0    0   76    0    0    0    0    0    0    0    0   12    0   65    0
    0   24   23    0    0    0   43    0   27    0   94    0    0   66    0    0    0   32    0    0    0    0    0   46   11   52   63    0    0    0
    6    0    0   34    0    0   66    0    5    3   96    0    2   85    0    0    0   90    0    0    0   60   30   87    0    0   79   79    0    0
    0   53    0   63   30    0   58   24   57   92    0    0   14   27    0    0    0   48    0    0   60    0    0   73    0   11    6    0   47    0
   69    0    0    0    0   25    0    0   84    0    0   60   24    0    0   58    0   90    0    0   30    0    0    0   38  100    0   44    2    3
   23   19    9    0    0   40   49   49   22    0   21   59    5    0    0   33    0    0    0   46   87   73    0    0    8   32    0    3   41    0
   92    0   50   96    0   37    0    0    0    0    0   81   83    0   49    0    0   68    0   11    0    0   38    8    0    0    6   73   95   15
    0   72    0   58    0   95   86    0    0   34   76    0    2    0   75    0    0   23    0   52    0   11  100   32    0    0   44   65    0    0
   46   18   11    3    0   88   87   97   47    0    0    0    0    0   68    0   68   10   12   63   79    6    0    0    6   44    0   38    0    0
   86    0    6    0   23    0    0   12   28   38    0    0   94    0    0   10    0    0    0    0   79    0   44    3   73   65   38    0    0   29
    0    0   76   56   28   37    0    0   30   93    0    0   81    0    0   56   69   46   65    0    0   47    2   41   95    0    0    0    0    0
    6   26    0    0    0    0   78    0    0    0   93    0   63   12   25   12   78    0    0    0    0    0    3    0   15    0    0   29    0    0
