QBPP_HJ-_30_075_20_4
30 80 5347
20 35 31 45 50 5 21 42 17 7 38 28 22 39 20 44 43 12 23 22 2 10 17 23 19 32 37 48 20 22
     0     0     0     0     0   -51   -18     0   -73   -19   -39     0   -77    -9   -97     0   -42   -30   -39     0   -45     0   -83     0     0   -65     0   -20   -33   -86
     0     0  -100     0   -43   -87   -44     0   -16   -85     0   -62   -10   -18   -49     0     0   -81     0   -58   -12   -89   -76   -50   -30   -78   -43   -32   -81     0
     0  -100     0   -20   -12   -68   -22   -26   -46   -43     0   -72   -21     0   -84   -85   -16   -24   -35   -61   -24   -13   -64    -7   -26   -20     0   -32  -100   -62
     0     0   -20     0    -7   -36   -59   -57   -69   -28    -9   -36   -80    -3   -20   -94   -86   -97   -53    -2     0   -39   -27     0   -95   -36     0   -78   -58    -6
     0   -43   -12    -7     0   -70   -91   -89     0   -81     0  -100   -58   -90   -84     0   -72   -41     0    -1   -67     0  -100   -89     0     0   -99   -23     0   -41
   -51   -87   -68   -36   -70     0   -37   -86   -68   -26   -99   -96   -68     0   -18     0   -35     0     0    -5   -52   -51   -70   -27     0   -46   -15   -26   -57   -35
   -18   -44   -22   -59   -91   -37     0   -45   -58    -8   -34   -99     0    -6     0   -37   -39   -72   -11   -91   -81   -62   -54     0   -33   -19     0   -53   -29     0
     0     0   -26   -57   -89   -86   -45     0     0     0     0   -24   -39     0   -86   -47   -31     0   -23   -91     0   -70   -23   -10   -80   -67     0     0     0   -51
   -73   -16   -46   -69     0   -68   -58     0     0   -37   -89   -18   -64     0   -18   -43   -68   -30   -61   -98   -34   -65     0   -81   -61    -4   -64   -34     0   -11
   -19   -85   -43   -28   -81   -26    -8     0   -37     0     0     0  -100   -18     0   -36    -7     0    -2     0     0   -15   -17   -93   -26   -12   -63   -41   -46     0
   -39     0     0    -9     0   -99   -34     0   -89     0     0     0   -14     0   -76   -55     0   -24     0    -3     0   -58   -67   -63   -55   -16    -4    -7   -83   -74
     0   -62   -72   -36  -100   -96   -99   -24   -18     0     0     0     0     0     0   -41   -30   -26    -7   -88   -18   -87   -89   -14   -28   -86   -18   -32   -68   -97
   -77   -10   -21   -80   -58   -68     0   -39   -64  -100   -14     0     0   -13    -8     0   -97   -11     0   -75   -99   -20   -17   -91   -96   -27   -18   -67   -16   -91
    -9   -18     0    -3   -90     0    -6     0     0   -18     0     0   -13     0   -62   -47   -23   -70     0     0   -42    -3   -82   -81   -47     0   -39   -96   -70   -12
   -97   -49   -84   -20   -84   -18     0   -86   -18     0   -76     0    -8   -62     0     0   -24   -50   -33   -19     0     0   -61   -52   -49     0   -71   -35   -13   -67
     0     0   -85   -94     0     0   -37   -47   -43   -36   -55   -41     0   -47     0     0   -59     0   -47   -52     0   -30   -92     0     0   -31     0    -8   -94    -5
   -42     0   -16   -86   -72   -35   -39   -31   -68    -7     0   -30   -97   -23   -24   -59     0   -72   -46     0     0   -95   -19   -46   -95   -88   -84   -20   -42    -8
   -30   -81   -24   -97   -41     0   -72     0   -30     0   -24   -26   -11   -70   -50     0   -72     0     0   -79   -84    -3   -71     0   -95   -93   -43    -4   -94   -43
   -39     0   -35   -53     0     0   -11   -23   -61    -2     0    -7     0     0   -33   -47   -46     0     0     0   -58   -19   -23     0   -85    -2   -51   -53     0   -10
     0   -58   -61    -2    -1    -5   -91   -91   -98     0    -3   -88   -75     0   -19   -52     0   -79     0     0   -10   -56   -12   -31     0   -12     0    -3     0    -1
   -45   -12   -24     0   -67   -52   -81     0   -34     0     0   -18   -99   -42     0     0     0   -84   -58   -10     0   -71   -26   -85   -26   -48   -96    -8   -65   -51
     0   -89   -13   -39     0   -51   -62   -70   -65   -15   -58   -87   -20    -3     0   -30   -95    -3   -19   -56   -71     0     0   -73   -68   -38     0   -68   -38     0
   -83   -76   -64   -27  -100   -70   -54   -23     0   -17   -67   -89   -17   -82   -61   -92   -19   -71   -23   -12   -26     0     0   -85   -71   -91   -36   -88   -54     0
     0   -50    -7     0   -89   -27     0   -10   -81   -93   -63   -14   -91   -81   -52     0   -46     0     0   -31   -85   -73   -85     0   -96    -2   -92     0    -9   -19
     0   -30   -26   -95     0     0   -33   -80   -61   -26   -55   -28   -96   -47   -49     0   -95   -95   -85     0   -26   -68   -71   -96     0     0   -60     0     0   -48
   -65   -78   -20   -36     0   -46   -19   -67    -4   -12   -16   -86   -27     0     0   -31   -88   -93    -2   -12   -48   -38   -91    -2     0     0   -13   -23     0   -84
     0   -43     0     0   -99   -15     0     0   -64   -63    -4   -18   -18   -39   -71     0   -84   -43   -51     0   -96     0   -36   -92   -60   -13     0   -42  -100     0
   -20   -32   -32   -78   -23   -26   -53     0   -34   -41    -7   -32   -67   -96   -35    -8   -20    -4   -53    -3    -8   -68   -88     0     0   -23   -42     0     0     0
   -33   -81  -100   -58     0   -57   -29     0     0   -46   -83   -68   -16   -70   -13   -94   -42   -94     0     0   -65   -38   -54    -9     0     0  -100     0     0    -6
   -86     0   -62    -6   -41   -35     0   -51   -11     0   -74   -97   -91   -12   -67    -5    -8   -43   -10    -1   -51     0     0   -19   -48   -84     0     0    -6     0
