QBPP_HJ-_30_075_20_3
30 69 5033
44 28 10 7 27 28 3 40 23 10 30 8 47 6 41 36 8 47 4 47 26 9 31 7 24 19 3 7 49 14
     0   -71   -72   -76   -22   -41   -35   -25   -52   -22  -100     0   -46   -68   -13   -49   -86   -10     0   -70   -29   -43   -76    -3   -23     0   -43   -56   -20   -38
   -71     0     0   -96   -52   -84   -76   -28     0     0   -27     0   -26   -14     0   -84   -11    -4   -16     0   -25   -22     0     0   -14   -63     0   -48   -96     0
   -72     0     0   -77     0   -80     0   -37   -18   -43     0     0   -76   -41   -21   -84   -17   -52   -17   -66     0     0    -6    -3     0     0   -77   -85   -35   -27
   -76   -96   -77     0     0   -51   -22   -48   -97   -79   -76   -81   -65   -96   -88   -97   -45     0     0   -89   -16   -79   -39   -72   -81   -95   -18   -71   -61    -5
   -22   -52     0     0     0   -19   -88   -44   -82    -1     0   -62   -99     0     0    -2   -82   -31     0   -55   -21    -6   -44   -67   -43     0   -19   -39   -36   -56
   -41   -84   -80   -51   -19     0   -90   -57   -48   -67   -31     0   -21     0    -5     0    -7   -76     0   -95     0   -14   -22   -90   -32   -16   -21   -27   -33   -10
   -35   -76     0   -22   -88   -90     0     0    -9   -52   -17     0   -79     0     0    -6   -77   -35   -74   -54   -83    -6   -14    -8     0     0   -41   -17   -98   -28
   -25   -28   -37   -48   -44   -57     0     0     0     0   -52   -99   -57   -91   -40   -42     0   -53   -14   -58   -55   -16   -42   -37   -68    -1   -10   -49     0   -94
   -52     0   -18   -97   -82   -48    -9     0     0   -73   -79   -45   -15     0   -34   -50   -18    -9   -39   -94   -74   -10   -38   -95   -70   -42   -18     0    -2   -14
   -22     0   -43   -79    -1   -67   -52     0   -73     0   -33     0   -68     0     0     0     0   -99   -31   -64   -53   -72     0   -98   -52    -7   -41   -30     0   -24
  -100   -27     0   -76     0   -31   -17   -52   -79   -33     0    -4   -52     0   -52   -25   -14     0   -64     0   -45     0    -6   -38   -77   -18    -3   -20     0    -4
     0     0     0   -81   -62     0     0   -99   -45     0    -4     0   -99   -32   -44   -32     0   -22   -62     0   -17   -25     0     0     0   -39     0   -75   -82     0
   -46   -26   -76   -65   -99   -21   -79   -57   -15   -68   -52   -99     0   -58     0   -15   -50     0     0    -9   -49    -2    -1   -61   -28   -47   -34     0   -97   -11
   -68   -14   -41   -96     0     0     0   -91     0     0     0   -32   -58     0    -4     0   -83     0     0     0     0   -24     0     0   -37     0   -81   -64   -25     0
   -13     0   -21   -88     0    -5     0   -40   -34     0   -52   -44     0    -4     0    -3   -66     0   -45     0    -2   -31     0     0   -65   -74    -9   -67    -1   -40
   -49   -84   -84   -97    -2     0    -6   -42   -50     0   -25   -32   -15     0    -3     0   -59   -10   -24   -91   -86   -57    -3   -43   -14   -26   -55     0   -64     0
   -86   -11   -17   -45   -82    -7   -77     0   -18     0   -14     0   -50   -83   -66   -59     0    -2     0     0   -47   -11   -86     0   -35     0     0   -57   -27     0
   -10    -4   -52     0   -31   -76   -35   -53    -9   -99     0   -22     0     0     0   -10    -2     0   -15     0     0   -66   -53    -7   -67   -94   -69   -21   -53   -18
     0   -16   -17     0     0     0   -74   -14   -39   -31   -64   -62     0     0   -45   -24     0   -15     0     0   -66    -4  -100   -86   -85   -60     0   -57   -16    -1
   -70     0   -66   -89   -55   -95   -54   -58   -94   -64     0     0    -9     0     0   -91     0     0     0     0   -74   -63     0   -60  -100     0   -48   -72   -19   -20
   -29   -25     0   -16   -21     0   -83   -55   -74   -53   -45   -17   -49     0    -2   -86   -47     0   -66   -74     0   -19    -5    -6   -97   -87   -63     0   -70   -52
   -43   -22     0   -79    -6   -14    -6   -16   -10   -72     0   -25    -2   -24   -31   -57   -11   -66    -4   -63   -19     0   -21   -37     0     0   -54   -54   -95     0
   -76     0    -6   -39   -44   -22   -14   -42   -38     0    -6     0    -1     0     0    -3   -86   -53  -100     0    -5   -21     0   -15   -43   -39   -75   -15   -97   -51
    -3     0    -3   -72   -67   -90    -8   -37   -95   -98   -38     0   -61     0     0   -43     0    -7   -86   -60    -6   -37   -15     0     0   -68   -91     0   -13     0
   -23   -14     0   -81   -43   -32     0   -68   -70   -52   -77     0   -28   -37   -65   -14   -35   -67   -85  -100   -97     0   -43     0     0   -37   -34     0   -33     0
     0   -63     0   -95     0   -16     0    -1   -42    -7   -18   -39   -47     0   -74   -26     0   -94   -60     0   -87     0   -39   -68   -37     0   -20   -61   -35   -54
   -43     0   -77   -18   -19   -21   -41   -10   -18   -41    -3     0   -34   -81    -9   -55     0   -69     0   -48   -63   -54   -75   -91   -34   -20     0    -4   -80   -83
   -56   -48   -85   -71   -39   -27   -17   -49     0   -30   -20   -75     0   -64   -67     0   -57   -21   -57   -72     0   -54   -15     0     0   -61    -4     0   -68     0
   -20   -96   -35   -61   -36   -33   -98     0    -2     0     0   -82   -97   -25    -1   -64   -27   -53   -16   -19   -70   -95   -97   -13   -33   -35   -80   -68     0   -65
   -38     0   -27    -5   -56   -10   -28   -94   -14   -24    -4     0   -11     0   -40     0     0   -18    -1   -20   -52     0   -51     0     0   -54   -83     0   -65     0
