QBPP_HJ+_35_075_20_1
35 64 5740
10 39 43 22 9 41 14 2 13 3 8 18 12 27 3 2 37 19 20 14 22 3 4 50 45 19 8 4 10 30 30 23 12 5 14
    0    0    0    0   89   62   68    0   72   32   47   84   68   83    0   62    0    0   99   31    9   31    0   19    0   36    0   55   81   53   22    0   28   85    0
    0    0    0    0   28   96   63    0   97   72   15   19   66    0   35   61   64    0   87   11    0   29   33   85   94    0    0   97    5    0   37   21    7   46   66
    0    0    0    0   69   32    0   10    0   55    0    0   38    8   27    0    2   73   18   16   79   81   58   24   36   11    0    0   17    0   52   19   19   91    0
    0    0    0    0   89   35   53   27   10    0    0   12   85    0   79    9   96    0   28   42   48   84    0   12    0    0   64   14    0    0    0   57   98   24   68
   89   28   69   89    0    0    0   79   36   22    0   27   80   16   96    0  100   65   50   91   81   32   36   15   72   74   65   94   75   63   45   84   51   67   37
   62   96   32   35    0    0    5    0   32   26    0   86   98   46    0    0   21   28   86   27   57   58   37   49   23   82    0    0   65    0   11   28   47   35   70
   68   63    0   53    0    5    0   93   54    5   68   28   79   57   10   27   67   41   46   41    0   25   79   26    2   71   55   23   68   31   85   71   23   62   55
    0    0   10   27   79    0   93    0    0   85   40   94   41   77    0    0    2    7   66   97    0   40   93    0    0   43   94    0   45   24   70    0   69    0   44
   72   97    0   10   36   32   54    0    0   79    5    0   10   28    0   47    0   38    8   19    5   18   66   88    0   21   19    0   70   43   58   98   18   57    0
   32   72   55    0   22   26    5   85   79    0   62    0   55   99    0   26  100    0   12    0    2   96   24   91    0  100    4   65   33    0   14   12   30    0   83
   47   15    0    0    0    0   68   40    5   62    0    0   21    0   52   47    1   31    0    2   14   97    4    0    0    0    0    0   79   22   15   69    0   92  100
   84   19    0   12   27   86   28   94    0    0    0    0   49    2   84   51   33   19   43    0   86    0   64    0   83    0   47   74   92   95   45    6   40   25    0
   68   66   38   85   80   98   79   41   10   55   21   49    0   81    1    1   60   51   23    0    0   85   63    0   13   42    0   55    0   43    0   88    0   66    0
   83    0    8    0   16   46   57   77   28   99    0    2   81    0   17   96   28   85   27   76   88    0   46    0   33   43   89   12   34   90    0   81   58   72   15
    0   35   27   79   96    0   10    0    0    0   52   84    1   17    0   11    0   12   52   66   43   40   15   96   34    0   63  100   54   45   17   25    0    2   52
   62   61    0    9    0    0   27    0   47   26   47   51    1   96   11    0  100    4   37    0    0   81   79   51   82   24   28   34    0    0   92    0   54   52   36
    0   64    2   96  100   21   67    2    0  100    1   33   60   28    0  100    0   56   34    0    0   96   55    0    0   13   57    0   14   63   61    0   71   42    0
    0    0   73    0   65   28   41    7   38    0   31   19   51   85   12    4   56    0   66    0   38   47    0    0   52    0   74   22   65    4   55   85   14    0   59
   99   87   18   28   50   86   46   66    8   12    0   43   23   27   52   37   34   66    0    0  100    0   84   64   50    0   99   29   72   77    0    0   52   59    0
   31   11   16   42   91   27   41   97   19    0    2    0    0   76   66    0    0    0    0    0   69    0   69   27   88   94   25   90    1   96   96   51   76   66    0
    9    0   79   48   81   57    0    0    5    2   14   86    0   88   43    0    0   38  100   69    0   34   95    0    0   59   75    6   65   33    0   52   16   50   34
   31   29   81   84   32   58   25   40   18   96   97    0   85    0   40   81   96   47    0    0   34    0   90   93    0    0   49    9   22    0   58   88   57   78    0
    0   33   58    0   36   37   79   93   66   24    4   64   63   46   15   79   55    0   84   69   95   90    0   46   20   81   86   81   77    3    0   26    0   27    7
   19   85   24   12   15   49   26    0   88   91    0    0    0    0   96   51    0    0   64   27    0   93   46    0   50   87   88   60   88    0   85    0    0   17   36
    0   94   36    0   72   23    2    0    0    0    0   83   13   33   34   82    0   52   50   88    0    0   20   50    0    0    4   28   60   66   51   89   86   84   74
   36    0   11    0   74   82   71   43   21  100    0    0   42   43    0   24   13    0    0   94   59    0   81   87    0    0   13   84   55   37   17    0   36    3   46
    0    0    0   64   65    0   55   94   19    4    0   47    0   89   63   28   57   74   99   25   75   49   86   88    4   13    0   19    0    0   39   69   18   99    0
   55   97    0   14   94    0   23    0    0   65    0   74   55   12  100   34    0   22   29   90    6    9   81   60   28   84   19    0    4   66    0   71   64   93    0
   81    5   17    0   75   65   68   45   70   33   79   92    0   34   54    0   14   65   72    1   65   22   77   88   60   55    0    4    0  100    0   77   61   56   98
   53    0    0    0   63    0   31   24   43    0   22   95   43   90   45    0   63    4   77   96   33    0    3    0   66   37    0   66  100    0   60    0    0   88   54
   22   37   52    0   45   11   85   70   58   14   15   45    0    0   17   92   61   55    0   96    0   58    0   85   51   17   39    0    0   60    0   40   73    0    0
    0   21   19   57   84   28   71    0   98   12   69    6   88   81   25    0    0   85    0   51   52   88   26    0   89    0   69   71   77    0   40    0   88   24   25
   28    7   19   98   51   47   23   69   18   30    0   40    0   58    0   54   71   14   52   76   16   57    0    0   86   36   18   64   61    0   73   88    0   14   21
   85   46   91   24   67   35   62    0   57    0   92   25   66   72    2   52   42    0   59   66   50   78   27   17   84    3   99   93   56   88    0   24   14    0    0
    0   66    0   68   37   70   55   44    0   83  100    0    0   15   52   36    0   59    0    0   34    0    7   36   74   46    0    0   98   54    0   25   21    0    0
